-7590801
-3823598
-5316263
-2616332
-7575597
-621530
-7469475
1084712
-7780489
-5425286
3971489
-57444
1371995
-5401074
2383653
1752912
7455615
3060706
613097
-1073084
7759843
7267574
-7483155
-2935176
-5128057
-7881398
-637647
-2607636
-3214997
-8253218
2980789
168608
3759759
-5639246
555129
-4489068
44019
2275782
-3506307
-8031288
-213609
-4524262
-1502015
-1040324
3258235
32686
1047621
-3376656
7601567
-7051390
6633993
-6245148
4994051
-4259178
856589
6047000
1785511
4449514
-1177519
4972172
8274315
7725694
-4923179
5076288
-876369
-7663790
1613721
4472116
-4587501
3194726
6195357
-3364248
-113737
6260410
1974241
3174620
3510171
7289166
4532581
-6650736
-3782721
7007010
6007081
-7661180
-1372125
-5967818
516909
-7625800
-2700089
-7676790
-2991247
2283308
1614251
-4619234
2741749
567264
4190927
5307122
-5810503
-6665772
-4168653
-7826170
-7200323
-7458552
1432023
-8198566
-6046975
-1568388
2652091
6406894
779909
2940720
-1007137
-6668606
-4937655
-2699740
5962819
-7819818
-3783603
610904
7105255
4498474
7028369
-8052788
-5893685
-4917826
-2860267
-2348416
-5679889
-1853806
8166873
-1726860
1824851
-7193946
-5420323
7473064
-3440649
857594
4318753
4129308
1208283
4201614
-5491803
2853328
8063999
680546
3684201
-5516604
-6031261
-2999434
-7326355
8212728
6560007
5848010
-8343119
-6637460
3052011
-3131554
-233419
7339296
-4798705
2834994
6321401
5133076
-2859917
-4870074
-523267
2109000
-5818857
-1698406
-4153023
6111932
-296965
7489070
7213253
4097136
-1210849
-6072830
-5351799
3286884
-3275645
-1468138
-5392755
-7364712
4577063
-5201046
-2444079
-7626484
-4578805
7555326
-1436331
7086016
-1029841
1023442
1760281
-241740
-921453
5961190
-4567779
4236520
3210295
-662214
-1577887
7000924
-1339365
6307790
-6717979
904976
-3141569
5052834
-2161239
-7222268
-2023261
3589814
6735789
-1556936
-6707897
3332874
4278257
8378796
5292587
404126
-1750411
7901792
-2237617
7915890
7590713
1547348
8164531
-1438842
3941949
8088456
-994729
2393306
8374145
-7359492
-1394629
7473518
7764741
4286896
-5592481
-1069758
-7191351
-868188
-1749821
2212950
223437
3091672
-1604761
-3677526
8153873
-6331828
-363957
-992194
3542933
4019456
490863
5162258
3365465
-3655436
8145107
-3477210
-3829923
7897640
7256183
5895290
5255841
-793444
61531
1024782
5048357
-8301488
349311
7540962
-7334935
8193348
-1931037
1217014
-3434003
813944
-4755065
5749322
5512753
1194732
-4246933
-6595106
2385077
6449056
-708721
7966898
2191737
3548564
-455437
6661830
-6387587
-2103096
3321495
8270874
2174401
-4233924
3553403
-6222674
6628677
7704304
6819487
-4242302
-6262007
5806564
-2042621
7417750
482061
2619928
-7245913
-3513878
-7315119
25484
-5832053
7188350
-505387
-7353792
3076527
-2020270
399513
-7773644
-335597
2239590
987549
5873512
-3885897
7947194
-4540191
1717724
-7171941
-7453106
447077
-3794544
5953727
-4437982
-7642583
-5407100
-1560285
-5923530
-86995
2742456
-164409
514442
-445327
-7218132
-4595029
-3157730
-409867
7175392
3982287
7182322
-5681223
-1446188
-7748301
6849030
6236861
-7494136
-5453097
3351386
-1780735
2905724
1964219
4149230
7999365
1766448
6664927
5381058
1630537
-6048988
40259
1563350
-422579
-4585640
-8152089
-515798
5674897
-1137460
-11573
2736830
7390229
-6062208
-5855761
447378
-2943271
8375156
-5392045
-6248538
-2698275
2358440
7532791
-7089414
6782753
1951516
-2068261
1845646
449701
1842896
1088767
6864738
1110121
6502340
3283299
3139702
4193901
-8354312
-5518841
-8177462
7375537
4111724
-8334613
-1866658
-5940939
-2502112
-747505
-7020750
4943353
7534612
7257459
3317062
-4322051
-3890360
-6346985
-8170854
703041
1476540
-1967877
-7548114
-706107
7444848
-1861857
-1559806
3903369
1313892
-8084093
5621270
1703821
2446488
-128985
-7266198
986577
-5626356
4514571
6624766
-2130347
-4688704
-5334481
-17710
-2468583
-1346380
-2829933
-7970074
6084125
1546728
-4625097
-1465798
-6912671
4102236
2789659
-439090
-7526683
-3972080
6725951
-4688222
6340265
-2215676
16803
-953418
-3174227
5272376
153159
645130
-384783
5824172
5505835
1472414
6763381
-1611936
6073423
3106418
4705337
1130836
-1575501
260230
-315587
-3874680
4834135
-5324326
-2957183
-4327172
-4048581
-3565970
1483781
-4620624
2210655
-4093374
4750793
-1464924
-5444157
7008598
-5721651
-5643816
4240487
-2793558
-408559
7530316
-4836533
6269246
-8095595
961024
-7942545
778770
6017881
810484
-5232173
1269286
-2025379
7632680
-2610825
-4542086
-7877727
-4413028
-5181093
6664206
-2510555
-267952
-6494849
-1348126
-4535063
6187588
-7165469
2768630
-1219859
-2514824
4268679
-2377910
-2754767
2113516
7566187
-5723426
8342965
-2736992
-4915057
8203698
-2200967
314004
3501555
1872838
5673341
-3252792
-1269865
-691942
8210113
6466108
-83589
3512750
1986117
3318768
6299551
1974658
8367113
6586084
-4622845
-6857578
-1727475
-7885032
-7626585
319210
5683793
-7804788
-7093365
5864574
-6311211
-1695936
7291567
7031122
-6844007
2262836
8372755
-7890586
-6055267
8033384
992695
4653242
8081889
-2622756
-5008997
-6204594
2915173
372368
-824897
4302114
6232873
2352004
2708003
1722934
-2525907
6032824
-5755193
3724938
4459889
-2825940
2040747
-2482658
2992117
-1682976
4035791
-4311822
5195961
-7498796
-6871501
-4428026
1061821
2169608
-3687465
-6856614
4844801
4496252
-2655813
1105134
4995205
1902896
-2178081
4061378
2169417
-3893212
-1425853
1771478
1103437
-82856
2018535
6266410
6680721
2894284
1938379
-7172162
7417109
8311936
-5769489
6156434
-3305511
7204980
-8152493
2299046
-1811235
6943144
-6397449
-3239942
-5171167
-3109860
7500251
-1296754
-3832411
2143184
-5624321
-320414
-7493271
7249092
277091
103798
-2898067
1555192
7830279
6370762
-8100943
-4799892
-6876181
-1388194
-5094859
5744416
3565839
3308594
-2464007
-1336044
5054067
2329158
6821373
-190392
1775639
-2846822
7918401
-6042436
-7570949
-6594514
-2071867
-4673936
-2250721
6361090
7129225
4845924
8341123
3535638
6965389
5179800
3815719
2465130
6776529
-6509812
-7101429
4907774
3729237
1624512
7400239
2349010
4050457
3054004
-281965
2478054
-1876195
-8220952
-3809737
-7250118
6889057
-1680036
2986523
-7972402
-1781787
-7538416
78399
5755810
-7964759
8295940
6513315
2105526
1857965
5023800
-1112249
-7023350
-2688527
385964
1786923
1754270
5053557
6962272
-2130609
1704818
-4209351
6219348
-6859085
-7215738
-6408131
-6138488
2536535
-1245478
4848001
-4178436
6142523
1385326
1756421
4559792
-6501281
-3709118
-6113591
3443364
-4682045
2629206
3275469
-4679976
1959271
-6890326
-6611695
1731660
3535947
-4032962
3596693
-786688
663407
-196846
2640985
-5995788
2624211
-3159258
-2055843
289832
-3827081
-3182982
-1874783
5861020
2421339
-5260018
-3515867
-7700912
3700351
-6829342
-7764503
-7090364
-7943453
-4854794
-840723
3855736
5165959
1291338
8114225
148716
-1330069
-5638178
4077237
6164896
7917967
-4928846
4154233
2584468
-4862221
4686022
-877955
5296840
2789527
2141722
-172095
-2494660
-7652741
-4315474
3897157
243952
6041759
-5177726
189705
-3906588
-2746621
3246486
-5772019
8086552
643495
-828438
4264785
-1741428
4490379
3754366
-5563435
5272640
-5008465
2713170
-3339623
1027124
4760339
6358630
1844125
3115368
-2255177
-3621446
6286049
6930396
-6778213
-5742514
-4840347
5850000
-7341377
-327134
-2698199
-1161084
-5344477
194358
-6799827
2245304
-2695225
1954698
-5052815
-1317332
4744363
-2594018
-3829515
7546592
4351439
4379122
-6733383
-8046380
-1538253
-8102906
-5948227
4755464
6728919
-5268134
-2947583
3203196
5569211
-2725394
-8232571
3350064
6018271
6149570
-3321015
3767588
1564483
-7195434
794445
-2657960
4062695
8067882
-6731375
4042444
-43829
-1090370
-2779627
7219584
-5421073
-1503854
7080153
-5237388
-6456493
1671590
-2759203
4449960
5100279
-4371206
2011425
5722396
-3640613
-5225586
-1560923
3754192
4701951
-4097694
-5348759
-3276348
1727331
4670070
4952173
4386808
-3724281
-838966
-4440911
182124
7427307
-1696162
2304821
-1475552
8141327
268594
876537
-4701676
7307123
-7833786
-647427
-3568312
1771799
-2503526
715841
332220
-328965
-6427346
3115973
1295216
-2377441
912642
4325769
-2894236
-4331645
-7725034
-6385267
835224
-366041
7215722
-1851439
6500364
-5872373
2404350
-634795
-7528768
3619887
8123602
4540185
-3817804
6722451
3751142
5105693
-8289304
5656375
-1237958
6272865
6431324
-748773
485070
-6260507
6983184
-6307009
2830498
5255337
7535364
689059
-4010570
5055149
-2302664
6273095
-2895350
-2632975
-7935828
-5864149
1249694
-6879883
69984
6704719
3711090
-2376135
35668
-7686221
-7089530
2441533
1297032
