-7590801
-3823598
-5316263
-2616332
-7575597
-621530
-7469475
1084712
-7780489
-5425286
3971489
-57444
1371995
-5401074
2383653
1752912
7455615
3060706
613097
-1073084
7759843
7267574
-7483155
-2935176
-5128057
-7881398
-637647
-2607636
-3214997
-8253218
2980789
168608
3759759
-5639246
555129
-4489068
44019
2275782
-3506307
-8031288
-213609
-4524262
-1502015
-1040324
3258235
32686
1047621
-3376656
7601567
-7051390
6633993
-6245148
4994051
-4259178
856589
6047000
1785511
4449514
-1177519
4972172
8274315
7725694
-4923179
5076288
-876369
-7663790
1613721
4472116
-4587501
3194726
6195357
-3364248
-113737
6260410
1974241
3174620
3510171
7289166
4532581
-6650736
-3782721
7007010
6007081
-7661180
-1372125
-5967818
516909
-7625800
-2700089
-7676790
-2991247
2283308
1614251
-4619234
2741749
567264
4190927
5307122
-5810503
-6665772
-4168653
-7826170
-7200323
-7458552
1432023
-8198566
-6046975
-1568388
2652091
6406894
779909
2940720
-1007137
-6668606
-4937655
-2699740
5962819
-7819818
-3783603
610904
7105255
4498474
7028369
-8052788
-5893685
-4917826
-2860267
-2348416
-5679889
-1853806
8166873
-1726860
1824851
-7193946
-5420323
7473064
-3440649
857594
4318753
4129308
1208283
4201614
-5491803
2853328
8063999
680546
3684201
-5516604
-6031261
-2999434
-7326355
8212728
6560007
5848010
-8343119
-6637460
3052011
-3131554
-233419
7339296
-4798705
2834994
6321401
5133076
-2859917
-4870074
-523267
2109000
-5818857
-1698406
-4153023
6111932
-296965
7489070
7213253
4097136
-1210849
-6072830
-5351799
3286884
-3275645
-1468138
-5392755
-7364712
4577063
-5201046
-2444079
-7626484
-4578805
7555326
-1436331
7086016
-1029841
1023442
1760281
-241740
-921453
5961190
-4567779
4236520
3210295
-662214
-1577887
7000924
-1339365
6307790
-6717979
904976
-3141569
5052834
-2161239
-7222268
-2023261
3589814
6735789
-1556936
-6707897
3332874
4278257
8378796
5292587
404126
-1750411
7901792
-2237617
7915890
7590713
1547348
8164531
-1438842
3941949
8088456
-994729
2393306
8374145
-7359492
-1394629
7473518
7764741
4286896
-5592481
-1069758
-7191351
-868188
-1749821
2212950
223437
3091672
-1604761
-3677526
8153873
-6331828
-363957
-992194
3542933
4019456
490863
5162258
3365465
-3655436
8145107
-3477210
-3829923
7897640
7256183
5895290
5255841
-793444
61531
1024782
5048357
-8301488
349311
7540962
-7334935
8193348
-1931037
1217014
-3434003
813944
-4755065
5749322
5512753
1194732
-4246933
-6595106
2385077
6449056
-708721
7966898
2191737
3548564
-455437
6661830
-6387587
-2103096
3321495
8270874
2174401
-4233924
3553403
-6222674
6628677
7704304
6819487
-4242302
-6262007
5806564
-2042621
7417750
482061
2619928
-7245913
-3513878
-7315119
25484
-5832053
7188350
-505387
-7353792
3076527
-2020270
399513
-7773644
-335597
2239590
987549
5873512
-3885897
7947194
-4540191
1717724
-7171941
-7453106
447077
-3794544
5953727
-4437982
-7642583
-5407100
-1560285
-5923530
-86995
2742456
-164409
514442
-445327
-7218132
-4595029
-3157730
-409867
7175392
3982287
7182322
-5681223
-1446188
-7748301
6849030
6236861
-7494136
-5453097
3351386
-1780735
2905724
1964219
4149230
7999365
1766448
6664927
5381058
1630537
-6048988
40259
1563350
-422579
-4585640
-8152089
-515798
5674897
-1137460
-11573
2736830
7390229
-6062208
-5855761
447378
-2943271
8375156
-5392045
-6248538
-2698275
2358440
7532791
-7089414
6782753
1951516
-2068261
1845646
449701
1842896
1088767
6864738
1110121
6502340
3283299
3139702
4193901
-8354312
-5518841
-8177462
7375537
4111724
-8334613
-1866658
-5940939
-2502112
-747505
-7020750
4943353
7534612
7257459
3317062
-4322051
-3890360
-6346985
-8170854
703041
1476540
-1967877
-7548114
-706107
7444848
-1861857
-1559806
3903369
1313892
-8084093
5621270
1703821
2446488
-128985
-7266198
986577
-5626356
4514571
6624766
-2130347
-4688704
-5334481
-17710
-2468583
-1346380
-2829933
-7970074
6084125
1546728
-4625097
-1465798
-6912671
4102236
2789659
-439090
-7526683
-3972080
6725951
-4688222
6340265
-2215676
16803
-953418
-3174227
5272376
153159
645130
-384783
5824172
5505835
1472414
6763381
-1611936
6073423
3106418
4705337
1130836
-1575501
260230
-315587
-3874680
4834135
-5324326
-2957183
-4327172
-4048581
-3565970
1483781
-4620624
2210655
-4093374
4750793
-1464924
-5444157
7008598
-5721651
-5643816
4240487
-2793558
-408559
7530316
-4836533
6269246
-8095595
961024
-7942545
778770
6017881
810484
-5232173
1269286
-2025379
7632680
-2610825
-4542086
-7877727
-4413028
-5181093
6664206
-2510555
-267952
-6494849
-1348126
-4535063
6187588
-7165469
2768630
-1219859
-2514824
4268679
-2377910
-2754767
2113516
7566187
-5723426
8342965
-2736992
-4915057
8203698
-2200967
314004
3501555
1872838
5673341
-3252792
-1269865
-691942
8210113
6466108
-83589
3512750
1986117
3318768
6299551
1974658
8367113
6586084
-4622845
-6857578
-1727475
-7885032
-7626585
319210
5683793
-7804788
-7093365
5864574
-6311211
-1695936
7291567
7031122
-6844007
2262836
8372755
-7890586
-6055267
8033384
992695
4653242
8081889
-2622756
-5008997
-6204594
2915173
372368
-824897
4302114
6232873
2352004
2708003
1722934
-2525907
6032824
-5755193
3724938
4459889
-2825940
2040747
-2482658
2992117
-1682976
4035791
-4311822
5195961
-7498796
-6871501
-4428026
1061821
2169608
-3687465
-6856614
4844801
4496252
-2655813
1105134
4995205
1902896
-2178081
4061378
2169417
-3893212
-1425853
1771478
1103437
-82856
2018535
6266410
6680721
2894284
1938379
-7172162
7417109
8311936
-5769489
6156434
-3305511
7204980
-8152493
2299046
-1811235
6943144
-6397449
-3239942
-5171167
-3109860
7500251
-1296754
-3832411
2143184
-5624321
-320414
-7493271
7249092
277091
103798
-2898067
1555192
7830279
6370762
-8100943
-4799892
-6876181
-1388194
-5094859
5744416
3565839
3308594
-2464007
-1336044
5054067
2329158
6821373
-190392
1775639
-2846822
7918401
-6042436
-7570949
-6594514
-2071867
-4673936
-2250721
6361090
7129225
4845924
8341123
3535638
6965389
5179800
3815719
2465130
6776529
-6509812
-7101429
4907774
3729237
1624512
7400239
2349010
4050457
3054004
-281965
2478054
-1876195
-8220952
-3809737
-7250118
6889057
-1680036
2986523
-7972402
-1781787
-7538416
78399
5755810
-7964759
8295940
6513315
2105526
1857965
5023800
-1112249
-7023350
-2688527
385964
1786923
1754270
5053557
6962272
-2130609
1704818
-4209351
6219348
-6859085
-7215738
-6408131
-6138488
2536535
-1245478
4848001
-4178436
6142523
1385326
1756421
4559792
-6501281
-3709118
-6113591
3443364
-4682045
2629206
3275469
-4679976
1959271
-6890326
-6611695
1731660
3535947
-4032962
3596693
-786688
663407
-196846
2640985
-5995788
2624211
-3159258
-2055843
289832
-3827081
-3182982
-1874783
5861020
2421339
-5260018
-3515867
-7700912
3700351
-6829342
-7764503
-7090364
-7943453
-4854794
-840723
3855736
5165959
1291338
8114225
148716
-1330069
-5638178
4077237
6164896
7917967
-4928846
4154233
2584468
-4862221
4686022
-877955
5296840
2789527
2141722
-172095
-2494660
-7652741
-4315474
3897157
243952
6041759
-5177726
189705
-3906588
-2746621
3246486
-5772019
8086552
643495
-828438
4264785
-1741428
4490379
3754366
-5563435
5272640
-5008465
2713170
-3339623
1027124
4760339
6358630
1844125
3115368
-2255177
-3621446
6286049
6930396
-6778213
-5742514
-4840347
5850000
-7341377
-327134
-2698199
-1161084
-5344477
194358
-6799827
2245304
-2695225
1954698
-5052815
-1317332
4744363
-2594018
-3829515
7546592
4351439
4379122
-6733383
-8046380
-1538253
-8102906
-5948227
4755464
6728919
-5268134
-2947583
3203196
5569211
-2725394
-8232571
3350064
6018271
6149570
-3321015
3767588
1564483
-7195434
794445
-2657960
4062695
8067882
-6731375
4042444
-43829
-1090370
-2779627
7219584
-5421073
-1503854
7080153
-5237388
-6456493
1671590
-2759203
4449960
5100279
-4371206
2011425
5722396
-3640613
-5225586
-1560923
3754192
4701951
-4097694
-5348759
-3276348
1727331
4670070
4952173
4386808
-3724281
-838966
-4440911
182124
7427307
-1696162
2304821
-1475552
8141327
268594
876537
-4701676
7307123
-7833786
-647427
-3568312
1771799
-2503526
715841
332220
-328965
-6427346
3115973
1295216
-2377441
912642
4325769
-2894236
-4331645
-7725034
-6385267
835224
-366041
7215722
-1851439
6500364
-5872373
2404350
-634795
-7528768
3619887
8123602
4540185
-3817804
6722451
3751142
5105693
-8289304
5656375
-1237958
6272865
6431324
-748773
485070
-6260507
6983184
-6307009
2830498
5255337
7535364
689059
-4010570
5055149
-2302664
6273095
-2895350
-2632975
-7935828
-5864149
1249694
-6879883
69984
6704719
3711090
-2376135
35668
-7686221
-7089530
2441533
1297032
-7887529
-2147366
-1764735
-6913284
-4375749
5550190
-8194555
-1726288
1826143
83010
-6230071
-2920540
536515
5851990
-6339635
5983192
8328807
809386
6321681
-6950580
7976267
1655614
5065365
-1223680
-7245713
2235410
-6765223
-7297036
-1840173
14374
-3921315
2646312
3607415
-6804614
6487457
-3525732
6091611
-1193458
2032421
2954064
-2619521
7874530
-246039
1913924
-4264989
-4876042
-2296595
3148408
-2063225
-20150
4565297
-4699668
2618731
-6339362
6365109
-399712
4235919
2123698
4480121
-6417260
8007667
-1675834
7512957
6768584
-1277545
-5350
-6195007
2438204
-2376837
3847086
-4415419
-1520144
6046111
7854978
2760201
7882980
3586051
4175510
5125645
203032
787111
-6956822
5205073
1438348
-4635253
857726
1737941
-3225280
-269137
1803090
-5864551
5296436
5604371
-5344410
7908509
7896680
3147703
-99654
6849505
-3177252
4297627
-6066866
-6042267
-4138864
3181503
-1548510
-881367
830852
7836707
6267958
3868461
8157112
-7761721
-4796278
4570993
-2692308
3515819
-3491810
-4097547
1309664
4929231
-299278
-7914823
-3088940
8251443
-4175610
1983933
263432
-7758377
8116826
-8380671
-973444
-6915141
-7342354
1870469
6107952
-2300449
-5131582
1936457
156196
-7765949
8217046
-1349555
4466264
-2019609
4888618
-1006959
2307020
-5958197
4204990
-6422763
7437952
-4810513
-5756270
-5340711
4602484
-304045
-8130906
-5542179
-5121112
-8305673
6294010
-5223903
-5106148
-1936421
6836366
7264165
6675920
-1486849
-4467102
7543657
-8296764
7634019
61302
-5809811
140536
-6628089
3747786
1578417
2280556
1021419
-2790562
-519115
-7384800
-3798257
636466
-1812231
-2562284
-2760589
6382662
6825981
2753096
-6358505
-7140966
-4127423
3823292
2980859
-7046610
-1919803
-8202128
-2242017
-1127934
-4506999
-5129372
4229251
5393686
-4793715
6189976
4102951
6985578
-8120111
-150260
8201739
-885506
1554773
1405888
101679
528850
-999399
-5184588
1406099
-4150810
-6524643
1341672
6996023
-206534
8015969
-5118116
8360987
8156110
-4185627
6038288
4346943
3313058
-4331095
-4497404
-678749
-2524490
6417325
70200
5531975
-3748086
-218127
-2363988
-670165
-41314
4517493
-5511584
-975025
-7651982
-6572231
-642988
-4056909
638854
-7321027
1654664
7116375
-8029990
-6018175
4245500
-2048965
-7848594
5185285
-6701648
-6361505
7283010
4401353
-3779420
-6565693
-100266
-1012531
-7208744
6571879
3528362
4837137
-1739188
-8292789
6557758
-3689579
-349952
1884527
8075538
-5423527
-3093260
-1848109
-5987034
-7621795
-2075096
2915447
1370234
431777
981148
5829723
2086670
-2642907
-1857456
8099967
-7568158
1243113
-353980
3869923
2704886
-5587475
-4636808
-641657
-6312374
3375665
4345580
2635371
-7826978
-1570635
-5653600
816015
-4193102
-1223303
6863252
-8220429
-435514
-2708355
1162440
3306135
-7133158
6918593
4487484
-1033093
-5554002
-6174395
-1973520
6312607
7518338
-698615
-8376860
-2402045
-4070506
-2588915
2018840
-7195737
-1288726
-8272559
1734540
-915829
-2825346
-1184299
6364736
4732335
4300882
2358425
-1706444
-5872365
7331942
-4639331
5600104
424119
-1558598
-7004959
608732
-5335909
-7177650
-690587
3960208
-2810689
637986
-5093847
8327812
-8080093
3166518
-4075475
6991032
-4177465
249226
-223119
-6950868
-1644885
-5176034
2188021
-3616544
5769167
-1569806
1651641
7373524
5720371
7353862
8081085
5470728
3182295
-256166
5322753
-8033668
-6554437
4031470
1749893
-6600656
6420191
3772354
1164617
2049828
4137283
-2322730
-5328563
4512600
548839
-3271382
7076753
-2311988
972491
-8063298
-3512299
-7810176
-3937809
-6600814
-7013671
3170164
-6472365
6445990
6617053
-4992856
3716343
-4798726
6677281
-2041060
-4164389
1334670
5865637
-5868848
-7413505
-1428638
-2370455
-7812156
1219939
3054710
-1629587
5593592
-881145
3353802
-6820175
1495404
7460587
-4671394
3210549
4793888
1301519
4412210
6246905
5082132
-8371853
-5353146
-4312835
1996616
-5838057
18074
-6611391
4430780
2358523
8324910
-401979
388464
-1844449
239362
-2591863
-1859484
469379
-7439850
-5037171
4466840
445479
1774698
4747729
7092748
1566475
-4961794
-6479275
-5125952
-3154385
-3658030
4208921
-1046348
546195
-4450586
-3212771
3894760
209207
-4155846
-4658847
-2773924
-3238629
-1736498
4442853
6404112
-1514177
7203490
-3169623
5752068
2409891
6563766
5944493
-4634824
-3335609
7195658
4556017
324268
591659
-2118754
5691253
6994784
8384591
1170034
-20423
4183380
4028851
-807802
-2141379
-5065592
-2783401
-2116134
-7912319
-4256516
-3654341
-5256594
8341509
6410928
2490207
1113666
-7773751
866724
7565763
1549654
2479565
6075864
-3311513
1266602
5711889
588620
5060427
-6103746
-5890923
1834496
-5500305
546322
6666073
6615540
2600403
-4386266
3619933
2902824
-5902985
4564346
-3264607
2604444
1635675
4580366
-764635
-5358256
2304383
-2825758
-3297047
2883140
-315933
1110774
6063853
-2722696
-7346553
-808118
4545329
-6269972
-1280149
6676190
-2952779
7180448
-2341745
-7102030
3821177
-7905644
-3214861
-8370234
2012541
5255624
-236649
-2464486
5614273
3653180
-3621509
1035694
-1379771
-1116176
6841247
-6187646
6590473
-2354460
-3933693
-4714346
4638733
-3243240
-6527833
-601366
-2613679
-852852
-1128565
-7294850
2447061
488256
-6781265
-6570670
4552089
-3204300
3884563
-5943962
-2244963
-3774360
6351287
-7998278
-1722911
1511132
-2124389
7702350
-5562523
-3407216
8236479
6232354
1441577
4552580
-2763229
7667254
2922797
-1252936
8057543
313994
-2657935
2684204
6039467
-7646690
-1750027
-7232032
6871247
567538
5188793
6563796
7645747
-7068922
-4433987
3600136
5996503
3167322
4608257
-1200260
6651323
-2158354
8182917
-1221328
-1374241
-693054
-5636535
-7328732
3719747
-5260330
5634637
-2518952
-5009177
365098
742545
6962636
3971019
-4340802
5951765
-4970368
-2802961
-4037486
2061273
7242868
-8184237
-4929370
164061
4834728
7611895
-4094982
4160545
-1859556
6452699
-4953458
-5756507
-325680
3699199
5017698
-1536663
-1822524
-737693
-3126922
715629
3968760
-3260665
-2020918
3917745
-2173332
-6809621
-7338658
-3283403
1506080
6663439
-5181390
8276729
1454356
7250547
7290438
-509443
-5837752
3333143
2196378
-6736063
2154684
-2195973
6132782
7669445
-6487440
-1184737
5014530
-6706039
6915428
1165955
4106006
-7115635
-4334184
5438759
8360298
3197649
-5325044
7776267
6952702
-7959723
6430144
-6148305
-4437038
3387929
-8180300
4142739
2851814
-1735907
-630040
2073143
3691322
1802849
-3313316
-1993189
4361678
2847717
8080656
-7113153
-2275422
-8037463
4729348
-6822237
6476982
3636653
359480
-3552441
-3618550
-5087759
128940
-2078677
-4982626
-3358603
4034656
1229135
-3377294
502073
-2262444
-206157
5347718
1203261
-2086520
-4032425
-1183014
-7447167
1135100
7585339
-3451026
1274117
4057008
-5173153
-1647806
7576265
-5759324
-7400765
-5975466
4136653
-4494632
-4544153
-5975894
-7831279
32844
-2295733
-2774466
-1538667
5329664
4154223
-3575022
-4050855
5052148
-5271853
4816678
-3750563
802856
-6070665
2777722
-4601695
1344156
-6490533
6287630
7667237
-7548336
-3229057
5324514
2910697
-5151932
-45341
7118838
-897043
-7886472
-5400697
-284598
8074289
-2991892
7649387
3615710
2218677
4548000
-5237361
-6603086
2836345
-392300
6247155
8074438
4898429
2270920
4871319
-2776550
6669249
-64708
6635131
6838958
-6808763
1051888
7632031
291458
7850249
-7604252
-1008893
2243990
-6745843
1194008
2790823
-4894742
5404497
-6323828
-5273461
4226430
-4145195
-4077504
-1255505
2742866
716441
802868
1320723
5159526
-1685603
-3449496
4151991
-2641478
5918433
-470052
-2845029
5018702
-3880859
7313296
2768575
-1542622
1947689
6282372
7010083
2992950
8086061
202424
-4611129
-4601974
-2733455
-7341524
-6985557
5873438
865525
7240416
8235471
6112754
2696633
-5518124
-2749645
2887686
-2006851
-5348344
684247
1610074
6253057
2749564
-852293
7642606
4392325
5468720
7870687
-1750590
-1689783
5574948
7758659
-595754
-2014387
148824
-1916441
-979158
-3232367
-3423540
3037387
-1404738
5192213
-819840
-1405969
1933714
5106905
43380
-5439661
8074662
-8123939
7584424
3380983
-8371974
4003105
-4561636
-3639589
4749198
5952165
6528208
-1703169
-1905310
-6732183
-7105084
1761123
-1706378
1225837
-4733960
3010567
4400842
237745
8051564
-8234773
5984862
-3223755
-471008
-4489713
5410098
4277241
3331604
-6225037
-6018234
1458941
-3972792
4377879
-606054
-4501439
-3004996
6094587
3154222
5517253
4724592
-262881
-3579646
-72311
4418148
6318979
6476822
5748109
-3435880
2305575
-6812054
4006865
-3849204
-6723317
1303550
-2886571
2519744
7897135
-1808174
-3462375
6967988
-4581485
979174
-2094051
4544488
-4189385
6557754
-6153375
-6736292
-4679909
-7103794
7806181
-5709296
4327231
-8346462
-2157399
-7565564
5179299
-2784842
-506195
-1724104
4881479
-2636278
4404977
-2949972
8096043
8144286
-5854859
2385248
-5664177
-4516750
-5004743
-3203244
15283
2328198
2712893
-6185336
3369303
-5230630
-4622719
3643132
-1884357
-2431890
760325
3013808
4202847
-1001406
119753
-6880348
-1133629
-5898410
3958733
-5365800
2873959
-1421910
-2237935
-3406516
3193163
-231618
-7410027
-6641664
-2706321
-4288494
-4019879
-7783436
8089555
4844582
3821149
-8375000
2412407
-3989638
-3579487
-2799716
-1771685
7208462
5875493
8349520
8276863
105442
3089129
-7681980
4681699
3951862
7084269
-3350920
5195911
-4741814
-2814671
-2597396
-4130453
-231202
-2833483
3226272
-7870833
-2696270
-4177799
-4151148
3388403
-1433146
5949309
-7791672
1852823
-8069350
-6693695
-6666180
-3817605
-4921426
-5684155
4530672
-8092257
-6598782
3080713
-7349020
6372355
27286
-3188211
-1446632
3983015
2608362
-995247
2098828
3426699
-1815938
-4183851
-7332544
4532399
-1312942
7628697
-6462156
3213331
7087974
-2961251
6574696
-6173769
-2265414
-858143
-5334820
-7497829
1548622
4354405
2567312
-2437185
-5909726
-3575511
-3260028
4462627
5920822
-5362899
-5420104
8148167
2278538
-449679
-3473620
-7165525
1829918
-6742539
6246368
-6915377
-1711374
-5824839
4682196
8088627
3669254
-1414723
-4597496
4022743
-4927910
-6520063
3815804
4489147
-120082
7155333
-3307728
600543
599746
-3772343
7206436
-523197
-5106218
5278797
-4261288
-6950169
-7304150
-4847983
83916
-1828405
744894
-5790955
4641408
253167
-5464430
2123225
-1651084
1761363
-4873562
-1469731
3256232
7800823
-852486
6204961
6629916
-886821
-3111794
7437221
-2084400
-6843393
-5420446
-1179799
-6882620
-8060829
7316342
-98963
-3737352
1155335
5841866
-1082959
-1384340
3185131
1744734
3389493
-1137376
1396495
2632242
-5751559
-6063340
1533043
5052486
1592317
7591496
-2703849
8387994
92481
5728956
-6324229
-610770
-6858555
470128
921119
8011266
532105
7425892
-848765
-327402
-371
7161752
7823143
6589290
7175377
-5256948
-8377845
-5132034
-8037035
-79936
5427503
4228562
435225
-5933132
7927955
6708710
-4287203
2641128
-1801161
4443450
5026913
3734364
5478427
-2578482
2541029
-1411312
-747457
5767586
-2306647
2421764
4860067
-4444490
-6484051
5891640
5188935
-6634742
-520207
7864748
-2438613
3707550
-1797515
2046560
4481871
-2248334
236345
1360980
4693171
6910854
2387517
-584824
2644567
2518234
561025
3267580
1491003
-2199186
6800133
3281328
-2936225
3052866
3411145
-2496348
-7187261
1780822
1945805
3462360
2165607
-1848662
5714705
7047756
4749899
1524798
-6727787
-525056
7472495
-1594094
6759001
1663220
-7647021
-4302554
-7219363
-7853528
2769015
1039482
-197983
6950044
-984997
7342862
-6139867
-7996336
3267711
-1705758
-2761751
-4707004
-2912029
8387062
-3546643
-5893256
7666055
2597450
5432881
-5086484
-3065237
-4864546
-1332043
3215264
6535055
4618418
-444039
-2404972
4986099
-3338554
5165181
-8154936
7485079
-1565670
-920127
625980
-1425285
-691026
1994053
-7457040
-6777185
6696066
-7718135
-1588764
1432835
5412758
-1465587
5612056
-2951257
5130730
-5035695
7637900
8194699
8132478
2331093
7500352
-6194769
-1960878
-8265575
-8222156
-7214829
-158618
-6071907
-7256216
-7848777
-6870086
-5275423
3694044
694427
-2707890
2366053
-867952
-7380801
-6868958
1649193
-7297404
6371619
-326346
-3869651
-1343304
-3996217
4178314
4193393
-2489300
5499563
-3000034
-7797003
6563040
-5026865
-6127630
-3598407
3610324
6606131
-4724218
-2657603
5852680
-765225
330586
-156671
1998460
5898427
8108014
-305275
6003760
-6407457
6357954
4893001
-2434268
-4348605
-2014506
-6040243
1027928
-3333145
-1832662
-4104303
707788
6150859
2108094
6556693
-5363840
2174447
7322514
-6889767
2159476
-3358381
6557606
3349469
-8149848
4094199
1686266
-6011103
-1839332
-2066213
5017998
-1301339
7390928
5055743
-5527710
-1656727
-1155132
3350883
7164022
-3258771
6958584
7950855
2302154
-44367
3073388
-6104341
-3281826
-220875
-493024
7544847
3262258
-5032455
6823956
-3029645
6948166
-109315
-4699320
-1134825
-4375910
7045697
-5197892
-5897989
-5162194
4096453
-2473616
2367263
6232834
-4892791
-838556
-3560061
470550
-7583859
-6095720
5214247
-1767318
-4074031
7228940
2812683
4423166
-6633899
-1368896
3220015
-3104046
-1696487
3447988
8116627
3263206
-8315363
-6340120
-7539401
-2651590
1789281
-5455780
-5072613
1160398
3829477
4197392
-5560001
6512290
8292009
1136900
-7779933
1498038
2480301
6429496
-2630073
1163274
-3086095
-981332
-128213
-1515618
-7963787
3018592
-1887153
3427954
-551879
-5346988
-2949709
2318470
227133
-2062200
-6206633
5286362
8104065
8444
934203
-2752914
2616325
4859568
6964063
-6262206
673225
7392676
7992771
285014
-1902131
5212632
-6669209
-7256150
-750575
-2158772
2374475
2494782
508053
6902272
1136239
4508178
-5268647
-162316
-2149933
-5847514
-3317667
2367272
-5000841
1087866
5542817
-2960996
-4130469
6690830
5175589
-6254256
-1479297
-109086
2135273
3772996
-6049309
3647222
764653
1263736
2009735
4955978
-737487
6318060
-5932181
6492894
6722997
4514976
4425871
-1436238
-2739591
4846228
-5736973
2358214
2546045
1181128
4990871
-42726
7212737
5034556
-2965125
2752942
-551355
-1356816
-5199969
6621570
-7769079
-7100700
949763
1623190
-1577971
5592856
-1234777
2672362
-6716847
-6483828
-7746677
517246
-1377579
6866752
117423
799058
3365273
-4477132
3590675
196966
5759645
5389416
-873033
321722
-7333407
-6937892
4954523
-7750834
6931301
-2992496
4714943
-4420318
844585
-5829756
-4040157
1028662
-4211411
-4344392
-7489849
1097354
-5581455
-4388564
-2544725
8160798
-2297867
8190432
-2876209
-7136014
-7401287
8043476
-7197133
-5515514
-5735491
-7552248
3097559
608346
-8211199
-2702468
3375547
-1227538
-1212283
-151248
3623903
-1253182
7529033
-6569948
-3717565
-8097834
-2417075
-760744
-7842585
-1341910
-1001327
-1551924
-6579253
2684862
-8096491
2718848
4357871
6740114
-5154855
-5302156
-4021677
-7963482
6333661
6920616
-7738889
-755718
909345
3585052
-7177765
-4415858
-3486299
1399760
439807
-2227102
-8162967
-6699836
2441827
-2163338
-8253587
-6200584
6619911
-6218294
3353521
4647532
-2548757
7682398
2722357
1462048
-2821873
7300146
6434553
-8338156
-3135885
-331194
-3645955
-7290808
-7692265
-5343334
-419007
-2231108
7373307
6277166
4827845
-4106640
4075551
7862274
430217
-3597980
-1814909
-7906538
-225139
7123352
-5521113
1672554
3813073
54028
-6706165
-3585282
1322837
-1347136
1274671
-7028782
6919705
1556916
-4015469
7419878
2598685
-5622040
-4626889
2049850
910945
-752292
-2778597
4112846
-5105691
-5660400
6666815
-6112350
-3915863
5357060
813731
-1734474
-7167571
-110536
-1798329
3980554
-3292687
4066220
-1749973
-7525218
-7576459
5301344
-7994033
-4265102
-7369415
-6549932
-6136141
5328262
-3768259
6159752
-6407081
3073754
1229185
-6134276
-3554757
-4093074
4986117
7748528
349279
4607810
-8094007
6009508
-5925181
6391382
-7585075
-114984
-6853273
-867158
-4856559
2528332
-3933109
2678334
-2479723
-1136896
-4937873
-2758894
-6548391
3517172
7803603
209702
-1250979
5510184
-4119945
-3844486
-3134303
1021596
5569115
5252366
6267429
-3201456
-5964161
4895458
1002985
980804
-4730141
6509558
3240941
1342840
5004167
2333770
-4548559
-1938196
4045931
286686
4554421
7125408
2578831
-4083022
5712761
825236
4773619
-1120058
-1908099
3439304
-5629801
-3500518
927681
6559548
8340091
5410478
3456837
6054128
-3360609
-6822270
2927881
-7107612
4923139
5435798
-3525363
-1504232
-7644761
-4766742
-6038703
-6711924
5934219
-7884418
1467349
7543872
6691759
6966866
-7810407
4772916
2075411
8154726
-1021027
-5820056
-2023753
2532794
-7032095
-3676196
5282459
3197006
1272933
-3806320
295615
1436194
-5989335
1142916
6781731
-6791370
-6388179
2353848
-2332729
-6964342
3780209
7605804
2256043
1757982
-7022347
-5648672
-463409
-4736526
-456263
1204436
233267
1295366
6128829
5519368
-1166121
-4094630
2870785
6490236
-3079493
5427694
4434309
-4995536
-2859809
-5456446
4135753
-5200604
1369923
-6578986
-628915
7149912
-3701273
-5831894
4460945
-6695220
-6464309
2475198
581141
-4664960
6803439
-7211630
7327961
-7258764
-228525
1894822
7482845
-1864024
5855991
-8178438
-6588127
6125852
555739
2141070
882341
-3280688
-3913985
4481378
-3921303
-6739516
5989219
-3888522
1693805
7116792
-2837497
-2942262
-7666511
3338092
-2925333
1082974
-4558027
4727840
3850767
-2031310
-4904967
-1218028
1214323
-8378
7759613
-182968
-5598953
5485722
-5524415
-2147908
-64773
152878
-4664379
-4428944
6045983
-3877630
-276087
-852380
4386691
8095766
5298573
-3512680
-7605721
131690
-2717743
6772748
-3379957
4397054
-944043
-14656
-408529
-7545646
-7270631
5170868
5086099
2401510
-5099491
4795368
6936375
1770554
2391905
1067612
-4416741
6278862
-7487259
2569744
2378559
1448098
-5375831
-1694972
-2913373
2635190
-1873235
3048760
7684167
1817098
-1139983
6230188
-7303893
2455966
-635531
-7882400
2938447
8226930
-3439047
-2247852
-4866125
-836986
7178557
7303816
2043223
-4119590
-3286399
1616636
4801339
-6219666
-2867707
-4829008
-6003361
2108482
-6113335
-6645852
1390531
3322710
1674189
4256728
1613415
541098
-6603247
4331852
2604363
2075454
1086101
-7865344
6027375
-6618094
2919769
-4075532
5436371
-2908122
-1019299
1575208
5411703
3019642
7325089
2120604
-5440677
3027470
-2864347
1162064
6590335
-3469342
-6158615
3693636
1045475
196854
3882221
-5655944
-127865
-5269174
-6000335
3699180
-6685333
-6705954
-7837771
-5730656
993935
-3321934
8135801
2309268
2963443
3003846
-8197251
-1380408
-7599721
4838170
-2998079
5200956
-1064069
7281582
-2758587
-2001424
-1259105
-81022
7595529
-1609500
-3424253
73366
-7307763
1098008
-5403993
-409366
-3001263
6953612
-1094261
-295298
-5911339
-7245504
-3248977
-234670
-8238183
2750772
5016595
6937446
7140509
-7330200
5476279
-236870
-4371487
-3298084
1678235
-3418802
2168165
-3309424
-3861569
-6076638
-2075351
-3156604
5282851
-7009226
6377261
1974200
-5302073
-3229558
-1276047
-60628
3124651
-5431266
-5193227
-1399840
2211535
1070834
459449
-129580
-4657101
-1068794
-619075
-5264120
3220951
2998874
-465151
-3977860
3310523
-5480722
-142715
8248112
7695839
-6251838
-5286839
1673764
-5863357
2542038
-675763
7982680
-7686425
1474602
-4494703
2055116
6495691
1479102
-964843
6039168
-7266065
-978286
-2995751
-3710348
8021075
2578086
6797021
-949336
-5452809
-3804678
5050913
5783068
4357083
7911566
-4972635
-6650416
-8005633
-2179486
-5708951
-1274172
-2784157
1988470
-6971027
-3420936
-3644153
-4646966
449969
-854932
-7234069
-6302882
-5284811
-7472864
-5991665
-7954894
-5496583
-5370092
-6756237
7916614
552957
-153016
5145111
-5443174
-8270527
-4948292
5342203
-6757842
-7603003
-3440528
8278559
4567554
-7011703
7398244
-1732477
-1854186
-7789939
-4449384
-1039577
-6389910
-6889263
-6169332
-3985909
-5184258
3342677
2628544
-1829585
-4654638
6064153
-2487372
1866899
4985318
2144541
8134888
-6404041
-3489478
6232161
3932
6790171
7658446
-3315227
-4666608
-1647553
-4360798
3912105
-3241980
-2184029
-2170186
1586093
-869832
-7737017
-5327094
3372017
5510572
-12757
-5126498
-3918219
-2978208
-2644145
7349618
-5537991
7559252
860339
599942
-486851
1369992
2367063
483546
-5442687
6483964
-7551941
7644526
-4167931
681392
4683359
3017026
6615241
2981028
-3614525
7856214
-7678771
1550552
1953639
-3031382
-5990639
3251788
5209675
686142
-5571691
3494144
477551
-7069422
6358617
-6163212
7525587
1576230
-2622627
7339560
6816887
4903034
3366561
336028
-3605413
16142
-5442523
6836304
2629759
8350946
-2572311
-4865724
-5499677
1486326
2688493
-2955400
3390855
-1075638
-5092815
6452972
-4571541
2292190
3100853
-498784
-328817
847026
4529529
-7478892
5609715
-2047290
455805
3499208
-918889
8196122
-4564543
958780
2376827
8366254
-2420411
8030960
1104543
-6709118
6233865
-7383580
-7315197
2313110
3852045
-3377640
5487527
-1032726
2395473
958348
4722315
6507390
-6736427
-3946944
3849647
-4028334
2081945
6233652
-4362989
-3454874
-3310179
858984
4849847
-7987270
648417
-5803556
-5858149
5956174
-7160219
-1501808
-7756609
6595618
-4190679
-1951100
8240419
375094
530477
-5483336
379335
-4475510
-3973007
6166572
61099
3370270
3189493
4159712
5148623
-6491150
-4654151
4041428
-5091021
4169222
7575229
-6348280
-518441
5111642
-1441791
-552324
5768379
-398354
1833861
6025264
1736415
-3639358
-3961527
-2724060
8137027
2488022
-2557619
1737560
-3020825
3800362
5686161
7921868
-1253685
-303426
4042773
1276800
-4296209
-8114286
-2571559
5343092
3949907
-5913690
4276189
-7112536
-8110857
-4411654
2272033
2556700
4226267
-3881586
-4274011
8067792
4942079
-5432478
3251305
-7081020
-7101085
-1309578
-693651
-4259336
4199943
5444810
-5851471
-7931540
1302251
2302046
542005
-1585632
1205263
6306610
4659705
-4017132
6506867
6666566
8288509
-7200952
7762711
-4575590
8119873
6144956
6817019
2322222
-3988027
-1141392
-6003937
-356606
-2999415
4376676
-3395197
-4201962
-5936243
4313240
-2599897
-1115030
8075729
-5217780
8253195
1225214
-2594219
6582464
-2988497
1644242
-3407591
-4640588
3104147
-1605914
7553565
4396520
5683511
3046970
-4345503
-3943332
-2712293
8251598
7410405
6184976
-5411521
-6761822
7170729
716036
3001763
626614
3210413
4910904
2269767
-674806
-6533903
1907372
3346219
3281822
-647307
3236704
-7964593
-6897038
3110969
6094164
-5733965
-7138170
6789949
5135496
-5435561
105946
-5239679
-8309508
-7060165
3945070
1085445
7502512
-1144993
7333442
-3462711
1335716
-4163133
3214678
-2089523
-8233512
-5832601
5192618
-3018735
-711860
3882827
-1489602
-5675883
-612864
-4810129
-4112878
3768153
-2745868
-2705965
-3114458
-6060963
6026024
95607
1805690
1767329
-4332132
-5702309
-3781618
-1467099
-2955952
-1068673
6801890
-5015319
-7920060
-7588381
-6399242
-340243
-7332744
-1216889
-1862838
-1825999
6323180
-6389909
-6273314
3815861
6043808
-1389425
-8353358
-5106055
5015188
-4064781
503750
7273853
1300936
-2364521
6573338
-3771711
-6166980
1885563
-8112722
4471365
2596848
3730335
6847874
-1157111
-7652636
-6749693
-4622186
-3600371
1846040
8252583
-6636822
-6625711
-7920500
6606731
-4253570
-1007915
662336
-5566801
-4414126
6372761
-1555660
7491091
-6245018
1181341
1970280
-3903049
-3941190
8027617
5584604
-549477
-2232498
6842213
1616528
5387711
5898530
4441897
4759428
-1122781
-1415626
-7151315
-3241544
-2065721
6075018
-4310671
-7267028
-6934613
-5391842
1348597
-5747232
8347855
6131954
980153
-3059756
-1068493
232198
-2842691
2266888
4392919
2243674
-59135
-10372
4294075
3897582
-6413179
5113136
-3960865
2380994
8111689
-1616860
-6960573
-6741034
-6274483
5191768
-6481689
1145386
1449105
-5872180
3841995
-2872386
-1173227
-2174848
-1064209
4934802
-8176679
3124340
4335187
-6803290
-79651
-3576408
-2118153
6777850
1852449
-3553252
163291
316046
2978213
7319504
1374719
-5277598
6182249
-7382844
-6961565
2994550
3748717
4601592
3917575
-6221366
6983601
-1114516
5906411
-6656674
-3854795
5612320
-8112881
7198770
-7990535
2840852
7449203
-3758522
-2588163
-4549560
2253847
8088474
-6684863
-2422596
4359675
-6161362
6180549
2468464
-3247073
-1872894
-5016439
6860132
-601469
1052438
-5917555
5997976
4490535
-820886
-8154415
-7149812
-217077
6848254
-1977515
-4930112
-3885265
-5426222
-2131431
-1288780
-7979373
-594970
-5649635
-6419736
-7132617
4602682
4213345
6003036
630299
8058318
7912421
1570064
7863871
-5754974
4400041
-6598140
-4133213
-5751626
2999725
3613752
4150087
-1003254
2696689
-4579412
2773035
-5873506
-7600011
-6014880
3754319
-958606
5730617
-6643116
-7871821
-7274106
-4545475
1823112
-4587433
-5252390
-2677375
7567868
6276667
-540818
-3884795
-1142864
-6711201
-1719486
-2792759
5195428
-255293
6175318
1664717
-8318248
-4968089
-8341334
2312465
-7559092
-1376181
-4451778
773525
-3409152
6941551
2251538
-4851623
6176500
8296147
-202970
5442909
-2365400
2025079
-6272390
2527393
4893340
5045851
-8365810
-7715291
5339728
-4504961
-8116510
3289577
-5469372
-5220637
-6682634
-5203987
-2010760
2826119
-7630774
3800113
3309804
4636779
1151966
-5692747
-2880096
-2187889
2631346
-3993735
6237076
7494387
-6120250
-4520323
-7975224
4840599
-30182
-619583
600892
-2537861
8176302
1139525
-1526544
6618271
7035522
2199817
-2416668
-1727741
-3955306
3889421
-8168
2891175
-444438
3489617
-2905716
4558987
976254
-5503019
6582336
2056111
-1392046
4634265
-3839948
7024403
-1432986
3837853
-3996312
-4005193
-4875846
988897
-2688036
827035
5569614
-6156187
6045584
2016959
-8167902
7045161
197764
-6029533
4395830
109101
-8077640
4139975
-5132406
-2289039
-6806996
-1085269
1836830
6061301
2433760
-4967985
5385714
585145
-4655916
7410483
3897350
1681597
3804168
1177815
-5605030
3682817
-2352004
-1112389
7407086
-8106619
5511728
7381215
-4967998
-2621623
4995364
-824509
-8367914
4950861
1568088
-1291801
-6490326
-428655
-5772596
5005515
-6227778
164373
-4315776
2429935
4614546
-3033895
6410612
-7600301
-90714
-6270499
-7118168
-4251913
-3790598
3792161
4230428
-7831845
3727246
6821
7881936
-1930497
-1714846
3083881
-2179644
-2365597
-1876362
6356077
6384632
-4491257
-6091062
5400753
2818924
6578411
375390
-1697995
-2656224
-391665
-5278414
6884345
-1573356
-3929229
-6581434
1477373
7801160
5395735
-1005414
-2353087
2903484
-2029829
1345838
6125509
7389040
-228065
18690
3714441
-1928604
6648707
-2868202
-7733875
604824
3454503
-5507478
-5248047
4811788
4157707
-5092354
5192789
1645248
-4519889
7688402
-6884583
7568052
2170771
8018150
-3910627
-7536664
5479223
1177658
-1645727
-3711396
40731
7078606
-1809179
-1734128
4624191
-1340254
-4399959
8369924
-6811741
-4527690
954029
-4761288
-2096057
-6312438
-2490639
2827436
-1732309
961950
-7999115
2821472
-1041841
8387698
2320953
2901844
-5553229
192134
-938691
8210056
4911447
1185754
2244225
3784444
-1095877
-5813138
-2301435
8299696
4761951
-7364542
-8152119
-2217052
8108995
-39082
3583949
1296344
4547175
6698410
-6774255
-512692
6209867
-8200386
-3000683
-4894720
2178159
-4753390
-2723495
3826676
6977491
-6466522
-1665443
-1057496
-4171913
-2553990
5646753
-5541988
-4915365
3040782
-7409883
-1831088
-7679105
-2849822
5565161
2486340
1603555
636150
4874477
-3766664
-1257337
-1602230
-4991695
-2587156
-5045909
7790814
8129461
6283936
-2724209
246706
7866489
-3813228
6732787
-5142074
-1372291
-7552056
3919255
5162778
4891841
4485180
5883771
6901678
4361285
-4339216
-7008865
-6146174
-472567
8324324
7750659
4313750
-7233011
7836952
6180519
767210
-812975
-774516
-1420917
5419646
-3444523
-2964160
-6836049
5037906
-3133543
-619212
-5763053
-5795994
4659357
-263576
4543415
5985978
-3690527
2932956
-1728613
-4191922
4176229
-4991856
-1091649
-2049246
3619113
1141124
-6479837
1032246
5534509
-3214408
2219207
-4543350
2091889
7546668
831915
8279070
550389
-4851744
-1244465
8047346
-5839175
-747052
3568691
-1612538
4370877
-1736440
6613463
-1657254
-6993151
-7577220
6326203
-6647058
-3246459
7221040
2208223
7868098
-2607031
335396
-7009213
-2392618
-2436019
7643736
-4228377
-2329558
52881
8220620
2236875
6407614
8055573
-5145984
6186223
7702162
-3920423
-1575308
1697875
-2553178
2480861
-960600
2265079
-2562566
8091169
-7646692
-2981925
6352014
3589029
-7022128
-4973569
5255778
-6043799
-8248636
6686819
854902
7128429
1089784
-4249337
5835722
6177201
3868780
3318251
6621022
7012405
7163168
7591695
2429490
-1047303
-482540
5926003
-1802170
3707901
-3703224
411159
1697178
4337985
5345980
4425723
8066606
-4153147
-3156880
3053087
5318146
6416009
-5212316
1578115
813334
5392013
4911000
-5707993
1602410
17617
-2887412
4600331
-1042178
2139477
-7245888
-4892369
7433682
-889831
5152692
147
7456230
-4006627
1045736
-6812617
-7228102
-5145503
467804
-4480997
5312462
-4977179
-3727600
1646655
6482338
-2452055
-4711420
-5033821
4298422
-2926675
-3437000
308551
174858
-5318671
7350700
6607403
7010974
-1844619
-3808672
-5575857
4364658
-7118023
1174612
1221811
-1516666
833085
7519112
6283863
2643162
-7252095
-2882564
4376635
4905326
5835525
2275760
-279969
7175490
-2763575
-4124508
4152515
1348694
3668173
3833048
5935975
-19798
3275537
3650124
-6913461
4041790
-221291
-5069568
-2323089
-8350446
-6624679
6981876
-6661933
-5127898
6168413
-6827480
-1718153
-3816326
-5651807
-2083684
-2031525
-3116274
-550875
-7691184
6186111
5824738
1811433
-830140
-3893021
-1220106
-3659283
4176760
3309959
-554422
5353009
5409516
-1883541
-3133986
-5049163
-18528
-2998385
1269938
-3079815
-8358508
-6349581
3438278
-59267
2570440
-5128553
5375002
-4014655
5485884
-6403973
4840622
-2640571
-5841168
-3596641
857218
7602953
7793124
4908291
3407766
-3413235
-8173032
1343399
-3001878
-2756271
-1526900
5444235
-7700610
5167573
5577280
1311151
-1901486
-153447
8106548
2683155
-2556826
3645853
-3608728
4965559
-4910150
-6010655
5670364
-8216421
2037326
4285029
2058640
-3938113
7477282
-5836247
7589508
-2473693
5270838
-7652307
-5429064
-7828025
7842186
-7945103
2239532
-1183061
-2842338
1593077
5950688
2741199
-2660366
-1515591
-8110380
4183347
479750
5225149
2422280
3922647
-2690214
1467393
1091196
-6944581
-4710418
8167301
-6536144
-2702625
7334850
8155465
1180452
8039747
-5592362
5119309
6641496
1485799
-3149526
2893713
2553036
-4463925
1479358
5723157
-4665472
-6572561
-2579566
5940953
-4056204
-1324717
2586534
-7380003
-1880920
655607
-6315270
-2027743
-5630180
-2064165
8190350
-3052379
-3838256
-7754497
-1142942
-4423575
7964612
3418467
-5588874
6065773
5494264
4643335
-3995446
-7464271
2035052
-3874069
-4696994
5499189
1516064
-940017
-3231950
1768953
6113300
3460467
-6197946
4103421
-5508280
4077335
-580966
-3388863
4904892
6949115
-2776274
-7878203
4385136
6596383
-2751742
3088265
-2991004
963971
-4680170
-94323
2139288
-6219737
3731562
7642577
3307020
1110795
2221566
5639765
1950912
-5002705
-6190382
-924391
8242356
2285971
-2280730
-5937635
2550248
6323511
-3837382
-6285983
1763420
3842331
2759886
-1591579
-4410352
-1068737
935586
-6533463
4489476
1200547
3949494
8134829
7586616
-5413305
1681418
-5787407
-7786836
-5762261
-4503650
-5913739
7649120
6929487
3749490
-5809095
4952404
-4323917
4376710
769853
-249720
-470185
-880166
2388097
4344060
5916987
-1939858
3748869
-2437456
-5059745
8346178
-3404343
-526940
4652483
-6438570
1917389
-708136
-801689
5058474
-1092591
4929356
-7191733
-1279682
-7665515
-3933696
-6562193
8237586
222041
-1135116
932307
3812902
-4609955
-2898136
-7390857
6717818
2186145
-1508964
-3079845
6717454
-3915483
4536656
3536255
1129954
-7971607
1358404
-4933149
4525814
2749165
5042296
-249209
-4487350
1279793
-6254612
-2653333
1931998
5103029
-5010272
-3010417
5701042
-3278215
-7398764
1801715
2843590
-581251
5615048
-5525609
606490
6215361
3603004
-5846661
1993134
-3088827
-6032400
77727
-5508734
-7128055
-4010268
6522371
-6673258
-1428467
2293528
5157031
5025514
-2340271
-5162868
8377227
-4830082
3556053
-1347776
-7056721
-5433006
-3202663
5560116
-1191405
8284518
797341
2745448
-2738761
-4009798
-5971487
5524188
-1859173
7480142
-5829787
-6357360
-6522433
3634466
-4543703
2765700
5988899
334390
-5896915
2055608
7552711
-1530230
1154417
-5951188
-7130197
2027038
-7587851
1286624
6989007
6817010
-3221319
6808532
-7522765
-6603002
4244413
-496888
-6894633
8073306
-4489983
6876028
-7370309
-3560210
-7419771
-2205392
-7351329
-6567742
-3888567
7530532
-6009277
-1189930
-5937587
-1438632
-926489
7826986
8093841
-5998132
1680331
-4235330
-6832875
-2874240
-2291985
7323794
-7004199
-1032076
109139
-1448794
-2298659
6898088
7696887
1728506
6989857
-6497252
-5078565
-7534962
-3140187
656336
6503935
-4133790
7944553
-3871548
4606563
-4430474
3168109
2820856
5409543
-2030134
-1969231
-2682260
1778667
-24226
-6237643
-2820320
7567631
-5485518
-1444103
1436948
5451379
-2991546
2663933
2385992
-382953
-7839846
8020801
1580220
5540347
2371630
-5049659
-3539344
-6375393
-7413758
-6268791
4735332
4806275
-2571498
-7415667
-7710312
1919271
879978
849617
6617868
-6310901
4698878
-1083563
-4318784
-4850897
370642
-6988263
59828
-7748973
-4415514
7073565
-3023128
-5444041
-5427398
-5067167
175452
8233499
-579122
8347621
-3782384
-3521985
-1203294
133033
2418180
-4885853
-5574474
584109
-5244872
-2484409
-1792758
-3896847
7746476
-5286869
-27490
-3429259
3640416
2919759
6542194
6247737
-2541996
-5413197
1095046
-1128387
1680776
1426519
7392986
-2389631
-8090116
3525179
7205742
8215813
-5839952
7199839
-3852478
6702793
-8201564
-7168317
-6623658
-1668403
4450008
1111399
5156010
-3101423
3325004
5375051
-7387586
8221077
-1487104
6238063
-5320942
1039449
-3747084
-3794221
3578662
-446115
-6046680
-4412809
-4505990
-4393823
-3817828
-8060325
-1012466
-726491
1298000
1148543
-156958
-7006743
-7725244
-1516829
1096694
7322605
-1170056
4842375
3376202
-434127
-4025108
-7355285
6211550
5031605
8085920
-2760305
-3237198
7271289
-933996
-2367757
-6926138
-2938243
1581768
2728087
7634458
2027457
-1163460
7555707
-1640786
3016517
-4912912
4014239
8310402
5666057
6468580
-4184317
7625110
-1278707
5682200
844199
8072170
435025
5094796
7378059
-2745986
-8279083
-6962112
1614767
-5556654
4496025
-8258508
-609517
-6826394
-3886179
2021736
-1792329
-8090182
-3573023
2494428
565915
-4640690
7386213
3314576
7932607
3199522
7496745
3446916
2130723
3000118
-5976531
2462392
-1970233
893834
-4163983
-248276
-232277
6109982
6562037
-2066720
-5278257
2925042
5820857
-6321964
2004787
-6083578
1428669
6283272
7716055
-2921126
-8088063
-6999940
5049019
-3196434
323973
3436080
5039327
-285246
-5184695
2608420
1175363
-5962538
-2052275
180568
5311975
-2954454
-1123951
-655668
3892427
6040766
3941909
227712
2250735
3857810
7575769
7497076
5999443
2118054
947677
-8178008
6611703
4791546
1589537
6529308
4752091
-7269490
3325605
6461648
4247295
-3716766
-2493847
6574532
-6526109
4330102
-1564563
-6930440
-1950713
-5045558
5885105
6494060
3499243
3862110
5356341
-5845984
-439793
-4331214
6090745
2265620
-4878477
7817030
-610563
3202376
3807511
-3302246
5012545
-4628036
199419
6733102
4332485
6624112
-2307809
8109314
-4877943
1189476
-3672189
7139350
205197
-7860584
1931815
-6952342
-3584047
7045132
-887541
6389758
-1253291
7499456
-4436945
-6437678
-2304231
-2617676
3449747
1051878
1472541
1102824
8216375
4779066
-1489055
-4296100
-8084709
-4704562
8063205
-1843696
-5713089
65698
770217
5851908
-6515805
-7496266
7975597
-8377032
-7681977
6529546
353009
3618988
8033579
3662238
5608821
942432
-827825
-4034446
-4501959
-4531372
-2046029
5415558
-4861635
-3466616
-4803241
-6091814
-4808063
-6630660
-2798789
-1212306
2459141
-7931728
2944351
4133954
-5996599
6406052
2244547
793430
-7089203
2530264
-5101977
272810
-2750959
-1162932
-2767541
2495294
-2893163
2270208
2523247
1305618
-4172455
-854028
-4064301
-5830618
1882717
504104
7215991
-3933318
8162721
7766940
-195749
7248398
-7761115
-629936
-977025
1964002
4706025
5473348
6355939
5269750
-6716179
2316920
1807495
6259018
211249
-4679188
787819
-7072546
-5263435
5715616
-2248049
8009650
-4985735
-5741420
-2080781
7683526
-7130243
7247816
2855319
-7095526
198849
7963708
248699
-6061138
-1101755
-2482704
8212895
-8017022
-4346359
5675236
6342659
-4028778
-2963955
1992984
5182119
6138090
5569617
-4308340
2446731
-1448322
3216597
5511488
-6228817
-2272430
6165401
205108
4428819
2442086
6372509
-5779864
7804855
-374086
1184737
-3418916
-941157
-770738
-6398619
-2479984
5872575
6172450
-3269335
-7144060
2728995
-3509194
-7891155
-4208712
-2842425
-1662838
-7123087
2571052
2733483
-7370722
-6288907
-4109344
-506161
2440946
-7943495
2829780
-788429
2038022
-3222083
5985544
-2576937
-2119078
7450369
-6982276
-3241029
-3619090
-2155899
-6388944
914911
-7372094
4267081
3191332
-3960765
-3132970
-1971
-5278120
3423975
-1939414
-7982447
1803212
2172363
-1246786
4493077
4640384
7055599
3799698
-650791
4754036
-431021
-3490138
2359005
3222440
-2599945
2873850
-1451487
-104932
-6126629
-7790450
-432219
-3199536
2252799
108130
-2184343
5748420
3574883
3915638
-8132243
-6982408
-660217
3735498
-678479
-3990420
1287659
6962014
6726709
-7560928
-8185073
230962
7596281
-8177900
6025331
-7326650
-5720067
-3059128
-128489
-3745382
4363585
3057340
7703547
-6469074
3491013
1321072
2021919
-6514174
7260809
3148644
-7694205
7675158
5991053
1688472
-6182105
-2988182
-5658415
4588812
603659
7294206
5130581
3851200
-3760849
6939090
-3649511
209844
2327699
-2655770
-5963491
-1849112
-3026889
-6772422
4448353
5125980
5219355
7160782
-2444827
1405712
-7642049
4742562
-4621911
-1986556
-3689309
-1815882
-3245139
-1809864
-4228793
-6906102
6962161
-3392084
644651
6565534
4423285
-444832
-4313265
5574002
-4503751
-1015724
5777587
561030
6347325
1085320
-2382249
-7780134
-4867199
-8054788
3722299
6360430
3256069
8064432
-1048993
-1248958
-7948087
-7035740
-663357
-964522
2432205
-6467368
-2664601
7186090
-41199
8242764
1934923
-5185474
-7453803
7338240
-929425
-5437166
1363545
7544052
122067
-7637722
2376541
-23000
-6058889
-8341382
6301345
-309092
3736667
-2054386
-8242139
-1247152
-2840449
7492834
-6387735
7399748
1907939
267766
-5812755
-1273992
7423367
4161098
3215921
-8216852
4998763
-4365858
7772341
4656032
-1473649
5887154
-6494855
-5043820
2662643
-3659066
3619965
5835976
-5143913
6748186
729537
-2569924
5786747
5509294
1333573
1258224
-4103521
-4159358
-3610871
-6390300
4548867
-8080490
-6484211
8003096
1393575
-776726
-3713711
182156
-6416757
-937090
4488661
2518592
2966959
4419666
1805465
-2603468
-2853613
2535526
-1981027
-3882136
-7501641
2361274
8301793
4561372
-6380389
2312782
3147365
-6963824
4074687
-4223966
-3287511
4547204
7783715
-2416330
5136429
-1180488
4936135
7576970
-7722895
2506796
1767083
-4860642
4190965
-4841248
4528079
5364722
5817273
709332
874803
984582
7069373
-1390072
-4219177
-6297766
-8206335
6929020
1313979
-4828178
1917829
1873968
-2947361
5726146
7689545
-7497948
-4640445
7298774
213325
-1037480
-6590489
-5905110
4295569
1378508
-3479861
7456446
-5179371
-6413440
-4654609
7149458
1870553
7516020
-2405037
-1496154
1935325
7545000
-3160841
-4024582
-2133215
7154460
-4160293
7679374
2363557
5227216
520447
7340898
-7904151
-6349884
1355107
-5673866
242285
2664952
-7496185
7535818
-4882767
-581268
-4856085
-7501730
-2126539
-7965152
1109007
8201010
3072505
3660820
4608371
1909062
4112637
378696
4586263
7607962
6073921
7859132
-5501701
-3680466
-7574075
-2671248
6613791
-952574
-3406967
-6164380
-7259773
-964074
-6835315
4159640
-5645273
-4004758
-5373487
-751092
-1837301
7412222
1290837
1513664
-2822609
6946514
5753113
-8234828
5662099
1238758
1542685
4898280
-5619401
-6527430
-4032159
-5112740
-2185957
1462478
-6399259
5965840
7468351
-3949918
733865
-4319996
3593635
-5310538
476333
-2320584
7875143
8231946
-846607
3490476
6100779
-8094818
-6985867
-521376
-7536561
1813106
6242361
8004948
1280435
3308678
-1055939
-1440632
-8087721
2328026
-2567039
4414716
6311227
-3630482
-6170619
-8183120
-4780193
-3223998
848329
1804708
885187
4879702
-6658611
-5765672
-8353689
-7658582
5027857
-2012340
2705227
3124542
-5460843
-3060224
-4119953
8005138
870233
4669940
-8012333
-1842650
1035357
-7627992
6094199
-952966
6799265
5508508
3736923
4633614
-2169563
-553648
-4441729
-347678
-6733591
-1946044
1916387
2867958
-6744339
4834424
4912775
-2917558
-8197327
2139116
5277547
-2445602
-6192715
4907168
-437105
7172530
2743929
1158804
-4914701
-7399482
-4242051
-2653752
-4492393
-1166054
3619521
790076
7392635
-483922
-6454715
6309872
619423
3106178
7872521
3826404
7211523
-4530026
4937741
6935320
6255783
4104938
6139473
1789068
-2435189
-1212290
-4462891
836416
-4352337
-2257582
8193433
92980
-5679597
-6546074
4607645
7714920
2619831
115898
1000929
-7119140
1025435
4609870
2469733
6640272
2538943
5564706
7442217
4966276
517667
6278710
-448211
-5230152
4588231
-4941174
-5963407
-441044
-3131477
-3136994
4447221
-4262432
-6952753
-5080846
-3228487
4093908
6994483
7533318
-1251395
933640
2789335
1320026
-4726527
1179516
1936827
-6823698
-4232059
-5329616
-6547489
5455042
5082697
4095012
-863677
-8221738
-1406387
-3874728
-7954201
1925674
2155665
-1929780
3712971
-1403970
-8298219
620672
674543
-2870126
-1637415
-994188
77395
8100006
-323363
4789672
4929015
873466
-455647
-5246948
-6126117
5585550
-5064283
-1812528
-949761
1204322
-2876055
3834052
3591779
-7661194
6781805
5234424
-5681401
6355402
-6727759
-55700
1845227
-5974690
-4426187
-7058656
-6111985
2801714
-7480583
4227348
7647859
1969734
-4666883
-3261368
1174551
-2796646
-6633663
-6999876
-5861893
-1678290
4691653
-5352848
-5309409
8016898
-3326839
6804836
-2368893
-2001130
-4719475
-447080
3542311
6775146
-2729263
7802636
-8210421
6743806
4004693
486848
-1622225
-6415406
-7650791
5602740
-3324269
-4041754
7213853
4567784
438839
5514042
6623841
-1457828
3253787
-5022258
-3800091
-4940528
6063679
7542690
60329
-1148412
-1444189
-1203018
2362797
6868024
-4924601
1612042
-6296079
7489452
7624747
-6764386
4935797
712800
6279503
1460082
-5818055
5753428
1239731
-3118714
6483005
5732744
-5142441
7455450
2092417
-2776580
4967995
2369390
7733509
-6342736
-8249249
-1791166
3615433
-627036
6890179
1548886
-807219
4635352
-5392025
6070442
-4321007
1626188
-456629
-6129090
3085717
4629248
-7048337
8078098
-5652391
7300852
5086931
-5222618
-2140835
-5533656
-6656393
1454714
-7120735
-8334692
-194981
-6242034
-6320603
1450576
-5780865
-4780318
3668457
-5786812
6381283
-3706890
7266285
3864952
-5724281
1800266
-474063
-7165716
1624171
-1311778
3173045
6469024
861583
-4911438
5953401
-3910764
-8035597
-3537722
2838141
-1444152
4809879
2716186
-7908415
1266492
5066363
-7263570
-7689403
-4104976
5604511
-2997630
-3450615
2770916
-2446589
6622614
-2252531
-1210344
2991527
4005866
1574737
512396
-2385781
-2273922
-6860843
464960
5367727
-5526958
-8225127
8294452
-4049133
-8025498
-7415907
-4543128
4614839
-7110214
-3940639
-4906020
4499099
6120526
8345701
4777872
1265343
1984034
-4634583
-5886844
-2291933
5798710
-7867859
419512
-3886137
-5662838
-1844623
-6272468
4815019
-2199778
-5520139
-2372896
-1394225
4658674
-1526343
-3793708
793395
4907014
5370045
-3820536
1671383
3957082
1112577
-7453572
-1372485
7171566
-3828347
5554736
6891743
-8185406
-3553463
4415780
7369539
637142
-4861107
2987352
-667161
4775722
2375057
-8121652
6973643
5726398
-4863467
-7811712
6265839
7295378
5602521
-3999372
7016275
-8256090
-4417059
-5043544
4892407
790778
3581217
-3754724
4753115
2705294
-5938523
-7541552
-2157825
-1524382
-3877271
2745796
-6492317
-2046346
-5290899
726008
4784135
194250
-6213455
-2413716
4614379
-5234082
-172235
-4841440
3706383
810290
-7285767
-6478316
-1633421
-7144634
1495805
2797896
6413591
-1404774
-204735
-7965252
6622971
-462546
6733765
-6723728
-193249
3617026
7501193
-8275356
6978435
4563990
-4438643
4645528
4603431
-4202902
2274257
-3304436
-1738485
5288958
-3505067
770752
-159697
407762
6470425
8168116
-7854189
-1720090
-5727203
-2840600
-1629385
-4202438
2861921
-686500
4761371
4483790
5352677
2241040
4921151
5665954
-6642519
7528196
-2025565
-6270538
2414253
-7798472
7703623
6788618
7390961
-8172372
5216555
-6220386
6633845
3257696
3580495
4514930
-7130567
-7770284
5655475
-1943930
-4590275
5828232
6453591
7602138
-7666047
3925756
-307397
7582830
-5363195
-3191632
5321055
3049538
353225
2446244
574403
5820246
3209165
7958488
6220391
-1958486
5466641
2381132
-7550645
608062
1408661
-3147776
7062639
-5218286
-1427111
-1340428
5865427
-1000410
-7152035
6260008
6020983
-1118342
-1904223
-8284260
-8059045
-1126898
-3918043
4765520
-6857857
-5805086
8041193
-4122556
-1474589
-2679562
2664685
-4182408
-7710585
1537354
-7168719
-2576916
-5961365
-964386
2315189
-7435616
2422415
3189682
3133561
-3475308
-6700045
7926214
8083325
-7312440
5985687
1617690
-299839
-1140676
-1192069
1947566
-2370491
3568112
-5925473
-5693566
-4025847
7220452
-7648253
-8177002
5499405
343320
8378023
-1073942
-630703
-3647860
-6268533
-4121986
-2705195
1404224
-1427281
-5388462
2881433
5223732
2037779
-1902746
-4497251
-7101848
-1516617
-2539846
-6522911
-5576484
4040603
6844750
3998053
4226192
253887
1811234
-5963479
5542276
-645085
-3856330
-345299
-1008712
-3709753
5411978
4633457
1789740
-7947861
-2048994
7843317
827360
4426447
1028850
-5853511
-6176300
-951245
-6894330
-6620739
1124616
-7573033
1613402
-7466239
-2193028
8163259
3603182
3128965
972592
3815903
-1640766
-1441719
-6535644
3281987
320982
6626381
2771544
-1506585
2645034
4953745
-419892
6302155
-4706882
5124885
1843840
-4657937
4091538
6813145
-1499532
1634387
-232794
6431453
-5177432
-3270665
-4272646
-6799839
-5146084
-5077029
-961394
-259163
4817360
-3103745
-845214
5869417
7162564
4657251
-5606538
-2421395
5916920
7123207
5829578
-3339855
-7655316
3451371
-5279906
-6141899
-1313504
-2990321
2226738
3656953
5098260
-6458253
8120390
5823485
1779272
3526167
-4993638
-8193727
4963004
-1601541
-33234
-1447739
-6783888
5185055
2625026
-4477303
-1073308
4004995
1954070
-5992819
2660248
-2461913
-3384470
-7140143
-517876
801291
3047678
-4461227
2365376
1564975
-6138414
-2214887
-538700
-7927661
8203750
-3726051
-549656
4953143
-2122438
1459297
-2798756
2336795
-3573810
4281829
-6043888
4040767
7197090
-2597463
4932612
1849507
-3735882
630701
4011576
-4571833
6984458
6660081
6836652
-1123797
-6462818
-1891723
7113312
1143631
-5799566
2304825
988244
-2249549
6833030
-721347
-1154168
-6854057
2768090
1712001
7744508
7262267
-4767378
4870917
1270192
2376287
-5479102
7838921
-5752668
-1284925
916566
5390541
4203736
-7070873
1809066
836369
252492
-1799605
6558782
6285205
7163136
4658543
1670418
-3231143
-4476684
-5676845
-5953242
2778973
-5801432
-6205321
8105082
5671585
5659804
-3078053
3201806
5038117
-7386032
-7672705
-3421982
6384617
3046724
-4874013
5949942
-3771923
-2530440
-1046137
-3706294
5273137
-871700
-701845
-1403426
8010933
-3252320
4245391
-2078542
-5715591
2465172
-908045
-6562106
-5283715
-3481400
-964969
-4461542
-7109183
-6431428
5394555
-6404946
-7275195
-4225296
-416097
-4981630
6146825
397796
8383747
1402774
-5360883
-5180904
5638055
5642730
-476847
6085516
2693771
-6756482
8004053
3654208
-7960145
-1842094
7958681
7658036
-4196077
-4955034
-3413603
38760
1002679
-2950214
-6745887
7646684
-350053
6782542
6204005
4985232
-495425
5046306
3455529
5699204
5458211
-5909194
5342253
7262392
5117383
-5271158
-3306383
6968364
-7865685
-2684642
-5794059
5338336
-6267953
806898
567225
-3053868
1760563
5683718
-3669315
-1008120
-8166697
-5711014
3091457
183932
-3010373
-751634
-137339
-2298832
1002207
8311746
-5359287
4795172
3650883
7606998
-498355
-4522152
6304743
-4466390
-6885487
4398284
1698507
850622
4889621
-3967104
1457647
4295570
1994457
6505332
708947
-1384538
-1332259
4388008
-2782985
2460410
1955617
7356188
-2062117
-5414514
-4803419
1709776
-3787521
3241826
-7190423
307140
3486051
-1564554
-1386899
4029944
1335815
6484170
1893041
996716
-1643797
-6112162
-5557963
3525152
7352335
7051058
-8206855
5402644
-6826637
-2566842
8316157
-6317240
-7487721
3213978
2953793
-1769540
3019003
-390354
-3075643
-5533328
-5951713
5040898
-5707895
-5143452
5488003
6946326
7395213
-6402920
-876505
-7546774
2581969
-614900
-591093
19966
1136213
5270720
3551791
7500498
-152295
-3740492
-3544685
-7824666
-3559907
-5336600
3409207
-5023174
2415969
-7794596
-4019941
4359374
-7012635
3759120
3422527
-4641118
-4581719
7842052
-6596189
6400950
-2987859
-8033480
-8196537
2199562
8288497
2184876
5380907
-7491682
-3863691
-4497568
-1031089
4071026
5710905
-1525420
-5698125
6434950
1312573
1562760
5266263
-7046694
-3327871
-8097540
-5877445
-1126802
4881413
7042736
-306337
6177346
-7481911
8330660
1312195
3615062
5736909
-6628904
5065831
595882
-1434607
-4759732
19275
-5054146
938133
2007552
2516591
-4810222
5712729
-2107916
4014547
-3303898
-5902243
-8163544
6996343
-4429446
-1170527
-56932
-2029221
6744078
3770661
-1449648
-8225409
2368994
-1301271
-1056188
-3816989
5404406
4733677
-7956360
-2508153
2846538
3297073
-2050068
625515
-2628898
3483061
2241696
6330511
-3938894
-3816839
-2866540
-7436813
3328966
-3708547
-6728248
735127
1255706
5217985
2171452
8049019
1233326
-5626299
6069232
5355423
-861822
-6487031
-919836
-4682237
1807510
-1278963
-1005800
-5228377
7378666
2036305
-3841908
7723915
6599806
-8287531
7214912
2546351
5112146
7006617
-1179852
-5973485
-405146
-4164963
101480
-4604489
-8341318
-4609567
1209052
8104347
5933902
-1813659
7054992
-982593
-5087966
6845225
-5416060
-759261
-359882
-7582419
-8321608
5818055
-4157814
7890289
-7513812
5061547
-4106722
3899381
-5617184
77007
3992818
958649
5573588
-7848397
-7690490
-2552899
6558472
-109609
-1238950
-768767
-322692
-1338949
-5892882
3149957
-4259536
-1549345
4894914
1471049
4853796
-8300989
5717974
7319117
-2116520
5989607
218666
411793
6332876
-6837301
5621694
-5569259
8309888
7835375
7907474
7923673
3238004
4239955
5065894
5846237
6875560
6355447
4212730
-3706847
197660
-2979365
6123150
-2794075
-87088
-4209153
-6040478
7274857
-1043260
6771299
-6697610
-2187411
-4934920
4199175
2158026
-7291983
6765164
6106091
-7730850
1579573
-7102688
1179919
-1493966
7454457
-5565164
-2738573
-5651898
-7803395
-4714424
6926359
6440858
-316607
5391548
3707387
-1533906
1850053
-2972048
-49121
-5912574
3809417
-3708572
-5349757
2763542
2171021
-5766760
-7417561
87402
-2113839
-3595508
-5915637
-3794178
-3489963
-7290432
5800751
7770066
-4119015
-1437260
5294739
526310
-5228771
-424216
-6261193
3872570
5731937
1103196
2468379
-5271090
5023717
-1904368
3066431
3705762
4181929
-520700
6191779
7362742
8335789
6398008
-3170489
-7566070
-4501007
-5350484
7953451
7470238
717941
1979488
-2943665
572274
3087673
1465940
-4690253
-3138170
1511485
-2798200
-7517097
-5064998
-6008447
6731260
-6172101
1727342
-5331707
-2651216
-2726817
4464450
4722377
-5635420
8365763
-2861482
4248269
-7762216
-7701145
-5598038
-1346287
4121676
-2094005
-676290
2144661
-1837312
636783
-7882990
-8149927
5765876
1385171
6947622
358749
-826328
-4705673
-5167494
-5653343
8119964
-4912549
-7277298
-7720411
5797456
8261247
-5209374
1760745
345924
1696483
-4316170
-5372947
-3682952
4680583
4418634
3680305
-6112020
-1979285
-4640802
5508789
-7730784
-8099441
-2391374
-7947399
-2693228
7268083
4044998
-3968387
-275768
-5691241
1992218
3127233
7890748
6771323
8085166
2576197
897264
-5388129
6665858
-8372983
3267556
3485443
-6962794
967949
-3908584
-7444057
4133866
6908753
124300
-7955317
2392446
-1248299
-4690880
-3462225
-1302958
25241
-4512716
-3294445
-5030298
-6751331
-6913688
-1560905
-1935942
-113951
-8112164
-4150629
4298830
-3277723
-6341744
-1207617
4962850
4205609
5750916
-2520285
-3985610
-5564883
2570936
-1607737
-8025206
4669041
-8102356
-2720597
-6315234
3369205
1515232
6684111
-6190606
-4679239
2928852
3776307
3314694
-3271491
7047176
-178985
-1747622
-2269695
-3712900
-3599685
4956654
-3786363
-4909520
-3838753
4885954
2272073
-6359772
980803
-5346090
-3475635
-6788776
-2451993
-77014
-6708847
5383884
-2528053
-7170882
7302677
5120384
-2301969
-1849966
7823577
5475700
-4549805
2341286
-5587491
2285224
7367415
984314
-7010015
6932764
-7828773
97166
5768869
-573232
-4368641
4862306
-1066391
3111364
-2264221
-4228490
-4822931
-4200456
-1063929
-7148854
2659505
-7127188
-6853397
6641246
-1506507
357408
-4730353
-6631118
309241
5749268
5805939
-1134778
7796477
6587720
-3563241
4687002
-1227711
-7108164
463611
-3463890
-3447867
899952
6115615
3319042
7297417
3231332
5046147
6182934
-4888179
4568728
-5307865
2740842
-4450351
7317516
1604875
8382462
-1562539
-1763648
8311855
-5329710
2662169
6370996
1813395
-297754
8044573
-2589720
-7280841
7787578
-5370015
7117404
5024539
1089230
6836453
-6257136
2972479
-1316702
6916265
-3378428
6658979
-850506
1047213
-3025608
-6270905
-5535222
1846001
1007788
6593835
4868510
-4924043
-7009952
-4594097
481394
-5564871
-6814892
774067
-5109114
-124611
2540168
5127511
-8064038
-6329727
1899260
6378299
3795054
7785989
5742768
-4885153
6159426
-5879863
2680740
3098563
-1735850
924621
803800
4959847
4522
1101329
-6657716
-8139445
2915134
-6872427
-4371456
-980881
-7547886
5512537
2367476
3212243
8024102
4784733
-567000
-7756937
5890938
-7776863
-3363940
5049179
-5307890
4119333
-2421936
8232831
7397346
-1206551
7253060
-5110813
-6434570
-537363
-6487432
3742855
1009994
6422833
3719660
8260971
-7439138
-2689099
384672
-5490033
2564018
-1330055
2985108
-7125005
-4414010
-6063235
-901176
-3466857
-2252006
3395777
-6050756
1561467
-2626642
555077
-2963984
907679
824194
488969
-3817244
-667645
-8130922
1379853
2887960
-1008985
-4091670
-2636719
1206924
5987723
-2601346
-4432683
1491264
7568559
-4310190
3791769
-2340556
3841043
-2053274
5604509
-4229528
-6643785
-511302
6740961
-3539748
-3560549
1877326
1811813
-1650544
-1170497
1644322
-4463319
5645700
175139
-9162
-5382355
6385592
-382777
-96118
3807089
5202732
2342315
7467038
-7384587
-6818848
-3223857
3811058
430777
5789140
3080243
5144838
-5825091
457992
-8374825
-7237030
-1411327
6790524
6984635
-1757458
-4169083
-4248784
-5866017
8284866
-2956215
4708900
-2058173
7969238
671821
-1761704
-2242841
-5353430
5307025
1551308
-2150965
-3972674
-6826219
3241600
4600047
-8199534
1694169
-3558796
7894099
7218854
-2079011
7394216
252919
-7224838
-7953887
-5992932
166875
-6715250
4108197
251344
-4265985
2395746
1340265
-4006204
-6843293
5842806
7483757
6233336
2323719
-4659254
-1806927
-7125908
-6967829
3449694
1961013
-7648992
6398735
-8360398
3911929
5791508
2029683
-5792698
4784125
-5965240
-5402089
-2047590
220481
-5714244
-6712325
-6180306
-2192187
6082672
-4234721
-818686
4756105
-1100956
3121283
427286
2994829
7826328
5452583
413546
-4427567
-1430260
5193227
2995454
6918485
5073856
-5692113
1755602
3414041
2907060
2788499
6480358
2705693
4944104
350263
6721850
2664545
-6529188
3648539
6663118
-1574427
7478032
3140671
-2931294
3621289
-731132
-5194589
-1461578
-8076371
-2749896
-720569
8292106
-6224911
4482476
1302059
1480350
-4012427
2088544
-5982385
3798386
-3469511
7186516
-6082381
522118
-3595715
800648
-7131561
733402
-4291711
-5816324
-1780677
5076334
-6097147
-1329744
-6781345
-5514942
-5734199
-275292
2287811
6991958
-4234035
2291928
-7282841
626346
5908241
-3543476
-1339829
5720126
7441301
-5594880
-2336401
-3804910
-3631527
4474100
-7281453
-74458
7375709
-7385560
-2157449
-4808582
-7541087
-954212
-5698469
-4124914
5735461
7446608
-8310657
6634722
6574057
2888004
-7461661
-950794
2463213
407416
-5321337
-7379382
-5252559
-6109460
-2208149
5753310
-4333387
-6966368
-2618481
-5849934
-742023
-2608748
-284429
-5270842
6784125
8172744
7408279
5300250
6023617
-6098628
-7580549
2652334
5087557
-5514512
7465631
-1609598
3321609
-5397020
-364285
-1696874
-43251
2606616
-2700377
-520726
6954321
-594036
-778613
-8381570
-1063467
-7793088
2084271
-3909550
1528985
5336628
-1344237
-8251290
-651875
8153960
-3075913
-4067398
-822047
-1850916
-6902629
-1330610
-3322267
4351376
-871233
1733666
-2384343
-5731708
7327011
-5207754
-7034835
3122360
-7284281
2852234
5304433
-1152980
3473067
3685662
5192437
2935008
3907535
443378
-488519
-2622764
6840627
-2200058
6563517
3568136
-7919913
-929958
1806337
-2366852
-3140421
7519214
2001797
-2277328
-7631137
-1685566
2563401
4505380
-640701
-4667690
2984269
-3812520
6617063
1166634
2904977
-5164852
-5706037
-1560898
2375701
2673536
-5013009
5635986
6312665
-7088268
8017235
2921382
-405539
5425320
1789175
-3637510
-6538463
-5024996
4230363
2463118
-7776091
2386640
-3901185
3337058
-2282391
-5618748
-6965917
6739062
1178221
-7187976
-2415097
-7150390
-3914063
6769004
5762795
-528290
-4795083
2432544
1012751
-6681806
1485305
-5438444
2709875
-2848442
-63235
7958344
1409815
3014298
4027969
-7203908
-1043205
7094062
5617093
-4201104
2454303
-1548542
-3814519
71780
5652867
2273814
-7734387
4006040
8086567
-6894486
-2045487
3715596
4849419
-3177986
5175893
-3555136
-2656721
-4528430
-1863399
4948148
8220051
4083430
-4468195
5400040
-145097
675386
-3718815
-6282148
-1659621
-5326642
-3431707
5746704
3571007
-1138014
-5702999
7421188
4185507
5529526
-2257747
7225144
-3296697
361482
4840689
5073580
-7921877
-2694242
3452789
-4279456
-7108529
-6253966
-7403463
-6861484
8294835
-3021690
7875389
-8016760
6037335
4550106
105601
361724
2905403
5571182
3350533
-7091536
8361823
2995778
5159369
2273700
5933507
6544726
5549517
-3297832
5902439
-3732566
-3702767
-3312820
1527627
7738686
-5245803
-5507584
-3429777
3345938
-2027687
-4691468
3458515
-570842
8131677
-4504792
-4684425
-3711622
-4946015
-1428068
-3601061
-3728370
-2872027
1848656
-7814785
-7497246
8325353
4027972
-5356061
-4642058
3628781
224376
-5734777
-3972278
2208561
-2044948
167787
1382110
575925
3770528
515215
5921202
-6183303
-2697580
-5764621
1474502
1019261
-6608440
-6620265
7871770
-5766463
7747132
-3877509
7144878
-603579
-6754320
-2491489
-635518
124937
-1471772
4395523
-4437866
-3301363
-4752616
4258983
-1930518
2127441
-5278580
5300107
1828990
-7917867
1010496
-3137873
-101038
-6763111
1741620
-2073069
-6847130
8033949
-3317656
-7634505
4172986
-6025759
-3045668
2600347
-5324978
-1902747
-5113200
-309825
5230882
-6334679
5173124
2158115
-2804170
6254893
-7218760
-5535033
819850
-7616143
6384940
671659
-882146
7545845
-2777632
-5476145
483570
-7437127
-5529644
-1719757
-1942778
339901
-399608
1185751
396378
7383297
2369404
-420421
-767762
-2050939
1004848
7643103
-8248126
2053705
-6970332
5233219
7074774
3461709
3835992
7350503
2705962
2862225
2012620
3583947
64446
1354005
3416192
2413295
6102162
4901849
-5112716
-4180397
6226086
-567075
-3621464
-4801033
-5030918
-2763743
-6940644
4361691
-5922162
3670437
5832656
-3274241
7686242
4842857
-1726268
-2632093
-1539722
-6962323
5867256
1496839
2154954
-3661903
1003116
-2215957
-5292706
-4997579
-2952416
-4111089
-1595342
-6970631
5613844
7846515
7697990
-6745603
-1973176
95255
3095450
-6582463
5200060
693755
2804782
3202757
3603056
-7371745
1129474
-1637239
6749540
-4136317
-5054698
-3521395
-6892136
2594087
-2406038
2695889
5977868
573451
6639358
-6790315
5903808
640815
-7404590
3607065
-4282956
1330835
-7488538
3300125
-1221912
8010295
6425402
-7742879
7858524
5877275
-1325618
1264613
5326096
4263487
4063138
-4279383
4301316
1244835
3345590
1725869
-6654920
2777927
4227338
1488369
2781100
-4300757
-7655266
694389
7440480
-7972529
3878770
-589511
1372756
-6425933
1036678
734269
-7134840
-5697449
3386074
6862209
3656188
3659323
5279598
2574597
5234608
6989919
-1862846
-6753591
-6449500
-2741565
-3077546
-3279155
811736
-5815961
3705002
5822737
-5965748
462923
-7806402
5397909
-4109568
-4261009
-2872558
-6453159
-8352012
1877715
6534950
7052637
8075304
1439351
-7595398
8353
-4785508
-5435813
-4118258
-4925915
-2438576
-7056769
-1444126
4047337
-6104252
1205987
-731146
2959341
-7036552
2502535
-5545910
-4748239
-864020
-1388437
-3775522
-4738379
-959072
3911055
4322994
-876679
2718612
-6788365
-955194
-6580611
5086920
4779159
5462554
1579969
1932092
-4106629
-5926226
258885
-6683408
4590751
3746434
7676169
7958500
-3165437
423318
8382733
-2412520
3091879
-8321046
-340143
3930508
7446667
-5524098
-8218667
-5652416
-8097873
7115346
-4307303
3651636
1654547
2159206
-1892451
-5089944
-3542345
7432634
7907041
-7124004
8171163
6671438
6070373
3510160
513727
-4641246
462889
4805764
1445667
7201590
932397
-7860552
4864967
-6193270
-1400207
-5737940
-6061909
-6236386
-324363
-7179552
2179535
3931634
-3637831
-2931500
-5823693
5916678
-7718723
5331976
2164951
-3258022
-1457663
4222076
-1632581
6936046
449925
5597744
6402271
5374402
-4485303
3836196
-1213629
-7135018
2104141
4406616
-42521
-735446
5178769
6306508
-7835445
903358
6885909
5469568
-6675473
-6801006
-2538279
2367860
4855635
355750
-2563619
-2968920
-2740489
5372154
3370273
5037340
560859
1683342
4893349
-6187824
-2385153
-1333918
5938793
7671236
6158179
-2216330
-160659
-4932616
-2717689
6479562
-1050447
-7646356
2650347
5933662
1353525
-7026656
7804431
6898994
-4678663
5393940
662387
-7707834
1514237
-2205368
7431447
-1804134
1943617
-2056772
-1501445
-2270930
7342021
-4059280
-158433
7215362
-5489271
2155108
7308163
-4781034
-1143411
-8090984
5752359
-2898326
-6980655
5356556
-7634677
-1106946
4574293
-103744
4200495
-6872878
3048217
-8009036
-1101933
5318886
-7543779
1855464
8039223
7194682
7369569
2338396
-7295205
1888974
-4262683
6216208
5218111
-4105054
7892137
6686468
2760611
-8013386
3874477
5941560
726087
3112458
495345
-2394964
-4611797
3374494
4489589
3693920
8202831
642162
195129
-1665196
86963
-4079994
-8241859
3446408
7995735
-2758694
-799103
4067068
481083
4201582
8352261
2094256
5880159
-3313598
-7918647
7109540
-6960189
-5097642
2834381
-2156584
7893607
6161834
930321
5274956
-4533941
-7360706
5818005
-1400832
-4830097
-5683182
-130727
-6507532
4753363
4465702
4138589
-3199704
-563337
317306
7322017
5750684
5574491
-5294578
-426203
-5415088
-6036609
8016866
-6259991
6045764
-4552733
-5995274
454893
-4598152
2613383
4676938
7431473
-2566676
-6876821
7057630
-3499083
-4377952
7569039
6132658
-1599367
-3137388
-3355661
4217286
761725
-7072824
8052119
-1927398
-5491519
-6766532
-8267909
-3006546
7674949
-5301776
-4842081
-5240958
-7579127
6116580
-6269949
-3890538
1454605
-7150312
-6201689
-2915094
-448431
-6521204
5661067
3113598
-1965867
5772608
3981487
962386
-7880807
-5710540
-6938605
1990502
3123357
2837096
-7576649
5711546
7421921
2691292
-6967397
1104206
3819877
-3332976
1599423
5671714
1231145
-6833788
5189667
8032310
-6225107
1196984
7138503
-1409910
7175025
-3967188
49579
4400158
-1640971
6506464
-6679857
-5989646
-5867847
5171668
-5471181
4601094
-835139
3985672
-4982313
4884058
-7939327
3191164
-6776901
-2923794
-7272827
-5275856
5423583
5627586
-276407
3370532
-3204029
3034582
-1088435
-2100648
1215207
7619626
-6922607
7716812
-6409781
955838
2194197
-7943552
1275119
480914
769497
-1423756
1570899
2087590
-6395171
7382952
7970807
-5982726
-4913631
-2645476
-7172133
-8274802
-4107355
-120368
-1233921
-6946206
1005417
5796548
2627683
4709238
4805997
-6033160
1718535
5823434
3920305
-2402196
3584491
-403618
-2518987
6987040
3204879
2023986
8361209
-6098156
-2065293
1265734
7939069
7261768
6641175
5092762
-3948223
4580028
-7628805
-8133074
1257669
6366320
7317023
-68094
1406601
3065700
6431875
3094806
-600435
409496
784167
-8371350
2479313
1851660
-2997749
7137534
5715285
-4800576
8022319
-2933294
-3539943
-6230092
921747
-7825946
-3445475
-2145048
-58313
2983226
8064097
-6065316
-7622629
4317134
-3236379
-8360176
6434879
7911842
-2742871
-2200572
-8044381
5007030
4188077
-5317064
7324999
-2983158
1861617
6322604
7922219
-3159394
-1938827
1258080
7863119
813426
-5049543
801876
-5720909
-1594490
-2275779
6949768
-3214761
2893018
-6101119
1594364
-6629317
2337134
3906309
264624
5032543
-1356478
1664201
-7380828
-6722365
484438
7112909
4574424
-3300505
3637930
-1602799
-3145140
3314251
-7701442
-3985515
2618624
-5137041
-5085934
162393
841972
-4691757
-6778586
-610467
-4775384
6084727
3249274
217761
-3373924
-4124581
-7257330
-6150107
-7080880
-4754305
4108514
-5819415
6923588
-5855005
-3657226
-3884563
7539576
-5402233
-6858166
5193265
-7152916
479851
327134
4293813
-6486112
-5288049
-5427022
-8351367
-3488364
4533491
214726
6269053
7243976
3198615
2479130
6573505
-1571524
415867
-873298
4867397
-2609424
2764447
5956738
4690697
-6997532
-4918013
-602218
-7308531
-2188776
-6844505
-2489878
1802577
-3079284
-56693
-5812354
-5936683
1731136
-454225
-1782702
-706407
7209524
5701907
-7353242
6304157
3686248
-2960201
-990278
-7481119
-7154212
7516315
-5249458
8122981
7911824
2947263
2615330
-4029911
3808900
-3387101
-312010
1559597
3176632
1285575
-1607286
1332337
-5080020
2228907
-2526946
3596021
4725984
1500111
4274162
2650041
2002644
-662221
-5889530
4213437
-4438520
-3478825
8045402
4715521
-723332
923835
3207150
8335237
1938480
4707039
-7488574
-2096823
-8367324
-737981
4029142
-6116019
1091416
-5653529
-5783254
112529
6243532
7860939
221886
4056085
-3268736
-7289361
-5606510
-1952039
289652
2742611
-5355610
4715485
-6120280
-6221577
-5541126
5938977
3565340
-2060069
-2242162
-6554459
7257808
179455
7626594
6819945
-7350332
3553635
2459766
7937645
2565624
-1971705
186570
-5526863
-41620
586475
-7527330
162101
5534240
-1132529
556850
-1405447
4691988
-336525
1064262
-4248323
-7126200
-2275561
7008922
-7480767
8333244
-911109
1995566
1726917
1325424
-1722593
-3943678
2273161
-7295900
-6765181
1795606
-1892467
1832088
4466727
-2047894
-2478639
-4536820
-2292981
-2181634
-3367339
-8186688
-4670929
4414162
619801
1053876
7401875
3408614
-1182179
3553768
494903
-6208966
-5659295
-575396
4895003
5958862
4343525
-4848624
7913791
6559394
-2629975
-5582588
2384291
-7924810
2666669
-6876360
5797447
2717706
5587185
-4620628
-253141
6297502
-1813643
132960
7785551
4392562
453689
-8003244
-7072333
-8284026
1855293
3375240
-5774505
3563994
7733377
-3761924
-894661
-313746
6013957
-254288
4447071
4008514
5217737
411044
-2028093
-3108522
-7220787
4227544
-5843865
-3866710
-1776623
2328396
7230283
7948606
-7235435
7948800
-5181841
-1080814
-5573799
-3080716
7096787
6356518
-7194531
3348264
4606327
1200506
-4527199
1395100
-978597
6770702
-5320411
-7435952
-3209857
3608034
5369065
-3470780
-2700829
6282998
6718189
-4177800
-4767097
-6596790
5314353
2154476
3904363
-7189794
1863093
-7283552
-1105777
3198386
-4355463
1665684
101875
3814342
-6835843
-2294328
6995863
1904922
4220609
739900
5167483
473518
-8163771
1393648
-6144097
3785090
-5846007
2170596
890371
-6488938
-1129459
-4305128
1163431
-7045398
6412881
-2520948
7070603
1252478
-3353899
-999616
-4627793
-1119918
438681
-7919820
6021651
7682406
7649949
-2542488
-6470217
4104378
-3247647
-3106084
1290651
4387662
2202469
3690128
4557247
2966818
1456937
3179396
-7507421
-1054154
7509293
-1921608
4083399
-6785398
-2151055
7700780
476075
6536734
-1390603
4256224
-6834993
1168626
5138617
4338644
-8174029
7999238
7427005
-3163384
6675415
6226010
2952449
-7521412
4692411
-8225554
-3057531
-6313680
4252639
-419646
6830665
2177060
6184515
-4151338
3798605
-2794408
-3871513
-7389654
-7270255
1886668
1422283
-1298498
-4305643
2716800
1185519
-8286062
6074329
7508084
8370771
-5196634
-2786083
6853032
5014007
6696954
2373665
6892572
-880165
3004046
-2447963
-830512
1854975
-7947166
6605161
1785028
-7841181
7812470
-7542931
4086520
2988807
6346186
4162481
-564628
-6343701
1339742
-7380427
5392160
-5207793
2497586
-424199
4209940
5848691
-8312250
-1493507
4962376
-2541545
3944346
8123201
-7574340
1874427
-5439442
-8027451
-2404752
6277151
-4411390
-2889591
4624740
1271427
8098582
-5019507
-3823208
22823
-705174
-5077295
2968332
-5520373
4489982
-5896363
6515136
-324817
-1607726
-1249767
-2934348
1561235
5468134
-753891
2174696
-7078345
-3604678
-246175
2030940
-3296741
6814158
1699813
-26352
-7122369
-8162398
8230825
-3459580
492195
3522742
-689747
1263672
-3856569
3437834
-5105167
-1670228
4416555
-1809250
4865141
318560
7970127
-5397646
-72391
5473876
-3967309
-7371386
4151357
-7277176
316503
-745766
7149953
4775420
907835
-3751058
-2102011
537520
4123743
-3995838
2741961
-3069276
7122627
900694
-6612275
-3197224
263527
425130
408849
4918348
7214155
6035006
-3931755
-2187520
-4964497
6332178
-562087
-1498380
6564563
-6460634
1163613
4394024
-4998537
-5828998
-6912863
3280540
-1764773
3235086
2062885
-6480304
-1403265
6515426
-6248983
-8360124
4909795
7048182
-1291283
-6195848
4518791
5461066
7794737
-8198932
3396715
1284062
5985973
-6770272
3338639
-1545550
-6388871
-4452460
126707
-1761082
-4998531
-2133304
2666647
-3650022
4227009
167740
5986939
1033902
2135877
6707440
1986719
5021314
-5634807
66532
-5622013
-4773482
3214605
3277848
1044903
195562
-3394735
-4846196
-6511477
7530878
5782485
-2419648
8237999
2950738
-4445543
-766924
-5979373
-3234202
7160733
928104
-1329481
4218298
3345121
-1941540
7910043
-3538866
2835557
779152
6429375
6726178
914473
8054916
-7171293
5805878
-5153235
2679480
-1245241
-167030
-3275151
820780
-5208917
-1963234
176373
5097184
1869263
1470962
1597881
-4597548
5547827
-4064250
-7971651
7811080
-8074025
-574118
3548673
-425860
4528827
-3667474
-7896699
3522096
4060383
-6720062
-7048375
1449252
786243
-4729642
-4898995
3019096
6561255
2800426
4483473
-5353780
7828683
-3605314
-6113771
-6764160
-6854673
-7557742
8071385
3454324
1678163
2564518
4654557
-4028760
8123127
-2822918
1167649
7336220
-3632421
7463822
8212133
-7608112
3792639
-3335838
361065
-351804
1997667
3990134
-8081299
-1470472
-177145
7525066
-566095
-3971220
-428821
-7356834
-8369355
6560800
7756303
7846194
-5472263
-7544300
-286861
6690630
-573699
-6804152
5843223
-4100966
-7467967
7188924
727803
3116334
5548997
-4824208
-2238177
-1471230
2695561
5273188
-3012733
5226518
6795661
220824
4229671
-4343190
-5316655
7589900
4097291
-6402050
-1871787
5750464
4283439
-4221742
7628569
-1417548
177043
-1647386
-2160611
-6282264
-6000841
-5981126
7526241
1753692
1356571
6883022
5609701
6106640
-5119169
-2699102
-3714903
4168452
3056547
5795254
-5881171
2325816
-4859833
-822774
3338993
-1603412
5154091
6074782
1320309
1814880
-8360369
4997234
-6627783
7678804
3594163
1143430
4612413
-8230264
-1718953
6740954
-7851391
-6348036
-1221829
-7974802
-3664379
2640048
4062559
8184898
-5763127
-1044572
3952579
-4265130
-7838771
-922664
-1755545
-263766
4953617
4624716
3265867
3334974
5925525
5764096
-4485009
375826
-1579687
5588980
-6288429
5101606
7686749
-1638104
-5952649
-1062022
-6939231
2282396
-6483109
-1086962
-777435
-4213936
665471
-3946526
-7119127
-7744444
199651
-1361674
5641453
1485432
5678215
-4239030
-4142799
-4658708
-1043093
-7805730
-114763
-4946272
8045199
-2881614
2325625
-5065580
4607987
265670
-4996227
7727048
6988183
2591514
6592705
-3288004
2874235
807854
2211909
-3445264
-6397537
-7111806
5324297
3467492
-7677949
4544150
5723661
3782936
-7200089
2455786
5934161
6722188
-7248501
-3754370
4695253
-2528960
4588719
-6347950
1418137
-4886220
3253267
-6548634
4836509
-2679192
-4315209
-648518
-4480031
-3660580
-6179941
4525390
-6754971
-821104
-8213569
-2883806
-5657303
1658244
-2378717
3490870
-2873555
202680
2076871
1470602
-2039951
7834412
1951147
5527582
8296949
7248864
-5941553
5181170
-7972167
-8028716
6948915
8251654
8349117
-5069560
2604503
4422234
6504193
3786108
433083
104174
-6182267
-2108624
4130271
7164610
6597705
6226468
-155581
2294230
1345613
1754712
-7909657
8009770
1819281
1299404
-6474293
-6698562
-1368299
1842816
2144495
-3421550
4039129
4905588
-557997
1150630
-6517027
-5211224
3105783
-546310
2320929
4896284
6460379
-5640050
-8128603
3702224
5992447
4683362
4864873
3016388
-484253
7769974
6322541
2671864
5307655
3723210
-2935375
6515820
1553899
-62626
-2804683
-7737056
4205327
-174542
227577
2983700
-1965965
-4258746
-1488899
7905864
6101527
-349798
-3922623
2291388
-4350981
-5891538
-7875387
-5932944
6285855
4876802
2251401
-5350556
-2840445
-6820586
-1395
-2813032
310055
3815274
-3196719
-7449332
-6994421
-1303298
-8070827
6296512
-7623377
-3427886
-6299623
5604276
3249299
-1160730
-5402339
-5039896
3727415
3438906
880737
-1407140
2077723
6165454
-704027
-3226864
-2853825
6172066
-4912727
524292
-6699869
-1107274
3869613
-3689928
2787655
6713098
-2634767
-4420180
1959467
-3604834
4329077
4621920
-7651505
2022770
-2435271
-1388460
-1165133
483206
3238461
515976
4896343
-7530278
-3716223
-3577860
-7283653
3792238
1326853
6053296
4263519
6996290
-3520311
6485156
5238979
-1828778
5876941
-5725992
4876135
-5933398
-4919535
1447500
-4614581
-151490
5559189
-1750784
-3743377
-2172654
8150617
1404148
2092243
7488806
-4402339
2029096
1743991
-1275782
-4606303
-1599332
1643611
-6195442
2935845
-636848
2996351
5776610
2758633
-1623740
-54045
-2169354
-6038035
2088824
-1288825
-2142646
3056177
-4002068
7362155
-904738
338101
-1811552
-3763313
-809806
5010809
-173676
-3231501
-6882618
-6828931
-6267704
3183255
3852314
-5459519
7149884
-4170629
-204626
-7935675
4489968
2257567
940162
-6523127
-4403740
-5277437
4686742
6397709
-2789864
-6794329
-264726
845137
-1370228
4859531
951166
-6615595
-1327552
1201583
4538450
1252505
-3500492
165139
-2260890
677277
3412840
1349815
6281146
6831329
-8263204
-7424869
-4974002
6985317
-1110640
-5817153
7691298
-1481175
766596
6870307
-7999178
-2428883
7425208
-2727481
-1872502
1554545
-4812756
5179051
-4545250
6193909
-6065952
3286991
-4477966
-6794311
-5954860
-3970765
-5384698
6057661
-8250872
5156567
4437850
-4958207
5114492
-7594821
3089390
2085765
-6428624
4462303
7679938
-2562743
-268508
3359043
143062
5755213
-6587560
3047399
8238378
1514385
5069004
-7932213
6198974
-6846443
-5016704
-5371409
4122514
-6022439
-4915340
1662291
7338918
-2746403
3305640
6739191
-3250438
5833505
-427236
-4156197
-2753138
-1138523
-453936
-8322817
-666782
3339369
-4887612
1490275
2374774
2114157
-263688
2665991
-5059382
-2945359
-2657940
-395541
6445150
-7463627
-3946976
916495
-4787406
-101895
2239508
811379
-7605946
-4239107
-1239224
-1766633
-1579366
1982017
-5489732
3415291
1091374
2031045
-5730960
-1705185
-2144510
-4222071
6307940
1788291
5511702
8143757
3852440
5041191
6993002
1282513
8182284
-5241077
3009022
-7716267
8153280
-2490833
773842
7297305
1353908
-5999213
6928102
6298141
5901800
5329207
7878202
-3405471
-7451556
-1133285
4661454
-464155
5527568
-326337
1673890
4637353
2385156
4777379
-407626
-4991827
-6344
2308679
-7508982
-6249231
6656684
-5167317
2706334
-2885771
-8037536
-6680497
2456178
-4272071
-4950700
-1467981
7425158
29501
2184328
3385175
6772186
2778241
-3691268
-500421
-2004370
-3905531
-5999952
4726623
-7561662
-7306807
2742692
-5795389
8209750
980429
-829992
3381351
193450
4343825
-4613300
350027
-4424386
-5030763
-7954944
-2739601
-1313262
-4925607
2724340
-1847853
700966
-1549219
-1381592
1314167
-6470278
85921
-8364644
5838171
4686862
-3574491
4250960
5589375
2130402
6607081
-6775228
4148707
4625142
-2775315
-4385672
394887
-5026998
-4162767
-6229012
-4941973
5209822
7344565
2633888
1467535
4669874
1666681
-6553964
-6614541
-6428730
6280573
6214088
8029079
132378
1624769
-2073028
1629563
-2003538
5247557
-3041296
-5602401
-4377214
-7622647
-6769948
1579523
-4345706
5236749
336664
2262183
-7965974
-1884591
4430988
-3741813
4870270
5404373
1184576
-1923409
2055506
-4942439
3390260
1533459
-7148186
-5316963
2426984
-1111625
8230074
3724769
1027804
4175259
1517390
-6275227
-89456
-3158593
4897058
-3334359
5379972
3798563
4890166
-3819219
7569848
1118919
6580874
7508337
-3566292
4474795
1372702
-6132747
-1292832
-3999537
6047986
5131449
1624020
6343219
5358342
1931197
-1732856
-417833
-527270
2715905
3559292
-2777669
5288174
130181
7339312
5056479
-5174078
-975287
-1258460
-5447101
5594070
8329805
-5230504
5877991
3486250
3568785
5955020
3454923
1532862
-5770987
6211712
4152047
-1702766
-5336103
7545972
8339027
4352166
-810787
4744616
2246135
5841914
-5071839
8142876
-1927717
-652658
-4372059
-3299376
-5598721
-2609054
-4215447
-7286588
7921251
4581750
-3929235
6500088
-8102137
-2045494
-596047
2061932
-6277141
-4610722
-5568971
1153824
-2110193
-5992398
-6460679
7000340
8045171
-3350970
7952893
-684984
-984041
-7789670
-6531263
622780
7249403
7287854
1713861
-4218256
7343135
-5757950
52361
6694244
-5903741
-8108266
-2323315
3440024
1645863
5189994
8121041
4153100
-7419893
6534910
-808107
-5456448
2903855
8383442
-1912295
2608564
5985939
5841894
-613603
-7011608
-1195465
7336762
-5332383
397660
-8276453
2371022
6329317
-1184496
2463295
583586
8158121
-7026172
3933859
7894198
1088941
-3400648
-6296761
6842634
-7504399
-1927252
550955
8231070
-3547019
-2609056
-5447345
6297458
4639033
-3007916
2685619
5192070
-5014467
-3225208
-6252457
-683302
-5145215
-6688260
2350651
8189806
-2584315
34736
5451871
-1934526
-345399
4505252
4403907
-7703978
-5751091
-3011880
-6239897
1339562
-810735
3219532
1382475
7293502
7710101
3928832
-1473681
2954002
-7253927
-7227660
-1331501
1515302
-531107
4907048
-7242121
131706
7137441
-1236324
6100571
-1994482
-3531227
-6327728
